Vernier Format 2
Bandlücke-Si.cmbl 07.09.2016 11:35:41 ,
Latest
Time	Potential	Pyro	Sample	Wellenlänge	Energie
t	Pot	Pot	Pot	Lambda	E
s	°	V	V	nm	eV

0	-67,997666279	0,288156	0,133089	-1531,44807529	-0,809038203772
0,5	-67,997666279	0,358974	0,144078	-1531,44807529	-0,809038203772
1	-67,997666279	0,300366	0,152625	-1531,44807529	-0,809038203772
1,5	-67,997666279	0,296703	0,148962	-1531,44807529	-0,809038203772
2	-67,997666279	0,362637	0,151404	-1531,44807529	-0,809038203772
2,5	-67,73631974	0,322344	0,169719	-1528,60950443	-0,810540557552
3	-67,41030463	0,336996	0,159951	-1525,02397137	-0,812446245607
3,5	-67,214161113	0,391941	0,141636	-1522,84297709	-0,813609819685
4	-66,627333915	0,39072	0,172161	-1516,21135486	-0,81716839544
4,5	-66,431190398	0,371184	0,174603	-1513,95927447	-0,818383969038
5	-66,105175288	0,413919	0,164835	-1510,17679403	-0,820433743189
5,5	-65,648219683	0,466422	0,181929	-1504,79285401	-0,823369141275
6	-65,2564671	0,448107	0,163614	-1500,10093303	-0,825944423282
6,5	-65,060858034	0,440781	0,152625	-1497,73190868	-0,827250853654
7	-64,734842924	0,474969	0,162393	-1493,74475544	-0,829458979179
7,5	-64,212684297	0,432234	0,15873	-1487,25806868	-0,833076670482
8	-63,951337758	0,446886	0,145299	-1483,96498768	-0,834925358947
8,5	-63,755728692	0,514042	0,156288	-1481,48002112	-0,836325824401
9	-63,429713582	0,517705	0,156288	-1477,3000525	-0,838692178954
9,5	-62,907554955	0,47619	0,152625	-1470,5056569	-0,842567312941
10	-62,581005394	0,525031	0,151404	-1466,19444351	-0,845044806631
10,5	-62,12458424	0,554335	0,157509	-1460,08885023	-0,848578495618
11	-61,798034679	0,539683	0,147741	-1455,66368136	-0,851158145842
11,5	-61,602425613	0,577534	0,145299	-1452,99027108	-0,852724223043
12	-61,015063964	0,538462	0,161172	-1444,86108754	-0,857521882679
12,5	-60,754251876	0,599512	0,151404	-1441,20267224	-0,859698655757
13	-60,166890227	0,611722	0,142857	-1432,85450271	-0,864707475639
13,5	-59,97074671	0,595849	0,137973	-1430,03313347	-0,866413491411
14	-59,709934622	0,59707	0,125763	-1426,25560561	-0,868708242146
14,5	-59,187775995	0,612943	0,111111	-1418,60407672	-0,87339379629
15	-58,926963907	0,610501	0,126984	-1414,73806592	-0,875780492409
15,5	-58,665617368	0,623932	0,114774	-1410,83472815	-0,878203502706
16	-58,078255719	0,62149	0,108669	-1401,95520183	-0,883765756836
16,5	-57,882646653	0,632479	0,113553	-1398,9653033	-0,885654559894
17	-57,556631543	0,638584	0,119658	-1393,9459215	-0,888843663798
17,5	-57,099675938	0,663004	0,103785	-1386,83463467	-0,893401396985
18	-56,707923355	0,681319	0,10989	-1380,66781135	-0,89739181997
18,5	-56,512314289	0,653236	0,120879	-1377,56442757	-0,899413468582
19	-55,92495264	0,708181	0,1221	-1368,149452	-0,905602818603
19,5	-55,729343574	0,71917	0,115995	-1364,98201859	-0,907704265054
20	-55,141981925	0,700855	0,1221	-1355,37560344	-0,914137746653
20,5	-54,881169837	0,766789	0,120879	-1351,06424397	-0,91705483698
21	-54,619823298	0,837607	0,130647	-1346,71596837	-0,92001582301
21,5	-54,097664671	0,842491	0,145299	-1337,94448416	-0,926047391856
22	-53,836852583	0,833944	0,125763	-1333,52157177	-0,929118828091
22,5	-53,314693956	0,896215	0,133089	-1324,58373916	-0,935388200359
23	-52,988678846	0,857143	0,14652	-1318,94747811	-0,939385396736
23,5	-52,792535329	0,873016	0,126984	-1315,53589556	-0,941821507249
24	-52,20517368	0,888889	0,115995	-1305,22769028	-0,949259664981
24,5	-52,009564614	0,880342	0,125763	-1301,76424772	-0,951785242355
25	-51,618346482	0,918193	0,129426	-1294,79188485	-0,956910538675
25,5	-51,226593899	0,910867	0,112332	-1287,74950748	-0,962143641136
26	-50,834841316	0,962149	0,125763	-1280,6469285	-0,967479773252
26,5	-50,704435272	0,967033	0,123321	-1278,26933396	-0,96927929591
27	-50,117073623	1,00611	0,129426	-1267,47851357	-0,977531363831
27,5	-49,856261535	0,998779	0,136752	-1262,64418487	-0,981274071388
28	-49,268899886	0,990232	0,129426	-1251,66138625	-0,989884335817
28,5	-49,07329082	0,989011	0,113553	-1247,9745299	-0,992808723506
29	-48,746741259	1,0293	0,108669	-1241,78730719	-0,997755406927
29,5	-48,224582632	1,02564	0,120879	-1231,81009365	-1,00583686267
30	-47,898567522	0,998779	0,117216	-1225,5287862	-1,01099216433
30,5	-47,702958456	1,04518	0,136752	-1221,7409431	-1,01412660925
31	-47,115596807	1,07204	0,141636	-1210,28166594	-1,02372863678
31,5	-46,91945329	1,07692	0,145299	-1206,42656714	-1,02699993
32	-46,59343818	1,11722	0,161172	-1199,98765197	-1,03251062456
32,5	-46,136482575	1,11722	0,186813	-1190,89727106	-1,04039200535
33	-45,810467465	1,1221	0,21978	-1184,3654023	-1,04612984945
33,5	-45,288308838	1,14042	0,283272	-1173,82390237	-1,05552459573
34	-44,961759277	1,13431	0,385836	-1167,18181419	-1,06153127553
34,5	-44,831353233	1,12576	0,494505	-1164,51872179	-1,06395884997
35	-44,178788562	1,12088	0,610501	-1151,10199982	-1,07635987097
35,5	-43,983179496	1,14164	0,736264	-1147,05111249	-1,08016110748
36	-43,656629935	1,11477	0,882784	-1140,25879997	-1,08659542907
36,5	-43,135005759	1,10134	1,01832	-1129,33214142	-1,09710859592
37	-42,87365922	1,06593	1,1746	-1123,82236285	-1,10248740455
37,5	-42,612847132	1,06716	1,33944	-1118,30054113	-1,1079311459
38	-42,090688505	1,05617	1,5177	-1107,17606235	-1,11906321148
38,5	-41,895079439	1,03053	1,71306	-1102,98492669	-1,12331544159
39	-41,568529878	0,960928	1,9304	-1095,95962899	-1,13051609496
39,5	-41,046371251	0,916972	2,14896	-1084,65217262	-1,14230168093
40	-40,785559163	0,866911	2,38706	-1078,97043692	-1,14831691176
40,5	-40,524747075	0,857143	2,65079	-1073,26634394	-1,15441987629
41	-39,937385426	0,758242	2,95971	-1060,33919039	-1,16849401704
41,5	-39,741241909	0,653236	3,25641	-1055,99741107	-1,17329833105
42	-39,15388026	0,539683	3,55678	-1042,92191956	-1,18800839906
42,5	-38,958271194	0,417582	3,79487	-1038,54299208	-1,19301753461
43	-38,632256084	0,267399	3,93162	-1031,21790537	-1,20149193836
43,5	-38,175300479	0,214896	4,01221	-1020,89463483	-1,21364140601
44	-37,848750918	0,153846	4,02442	-1013,4775993	-1,22252332055
44,5	-37,653141852	0,0757021	3,97314	-1009,01887974	-1,2279254877
45	-37,065780203	0,0500611	3,84371	-995,560071508	-1,24452560469
45,5	-36,870171137	0,0952381	3,72039	-991,054590874	-1,25018340201
46	-36,478418554	0,0500611	3,53968	-981,996639696	-1,26171511176
46,5	-36,0219974	0,0586081	3,36264	-971,385575748	-1,27549763033
47	-35,760650861	0,0671551	3,15629	-965,281888841	-1,2835628787
47,5	-35,369432729	0,0720391	2,94994	-956,107587232	-1,29587926772
48	-34,912477124	0,029304	2,73871	-945,335292394	-1,31064608501
48,5	-34,651665036	0,019536	2,54457	-939,159896973	-1,31926416789
49	-34,390318497	0,041514	2,39683	-932,952327009	-1,32804213477
49,5	-33,86815987	0,00732601	2,23443	-920,491876898	-1,34601948273
50	-33,607347782	0,00854701	2,08425	-914,239334253	-1,35522499807
50,5	-33,346535694	0,035409	1,94994	-907,96784771	-1,36458576493
51	-32,759174045	0,0586081	1,83761	-893,775456269	-1,38625422225
51,5	-32,563030528	0,0500611	1,7033	-889,015055638	-1,39367718482
52	-31,975668879	0,0757021	1,60562	-874,697705106	-1,41648936858
52,5	-31,780059813	0,04884	1,52747	-869,909119026	-1,42428671329
53	-31,454044703	0,0683761	1,44078	-861,905638158	-1,43751235071
53,5	-30,931886076	0,0708181	1,36264	-849,028917516	-1,45931425236
54	-30,670539537	0,039072	1,30281	-842,557421096	-1,47052292102
54,5	-30,214118383	0,046398	1,24786	-831,213501646	-1,49059176439
55	-29,8223658	0,0512821	1,19292	-821,434765587	-1,50833645215
55,5	-29,626756734	0,0793651	1,16606	-816,537664848	-1,51738254503
56	-29,039395085	0,013431	1,10867	-801,776017966	-1,54531935632
56,5	-28,843786019	0,037851	1,08059	-796,84116661	-1,55488954627
57	-28,517236458	0,046398	1,05617	-788,582265643	-1,57117406006
57,5	-28,060280853	0,0695971	1,04518	-776,982269426	-1,59463098291
58	-27,734265743	0,034188	1,01587	-768,675997891	-1,61186247964
58,5	-27,473453655	0,0683761	0,967033	-762,013049096	-1,62595640779
59	-26,951295028	0,0622711	0,924298	-748,626187034	-1,65503160517
59,5	-26,689948489	0,034188	0,843712	-741,902487516	-1,6700307936
60	-26,363933379	0,010989	0,693529	-733,493428842	-1,68917668691
60,5	-25,906977774	0,04884	0,504274	-721,667052378	-1,71685820479
61	-25,580962664	0,0586081	0,330891	-713,201419511	-1,73723714803
61,5	-25,319616125	0,032967	0,218559	-706,398347317	-1,75396786347
62	-24,797457498	0,0708181	0,178266	-692,762239708	-1,78849239895
62,5	-24,53664541	0,0769231	0,168498	-685,929546897	-1,80630795918
63	-24,2106303	0,035409	0,157509	-677,368710326	-1,829136748
63,5	-23,753674695	0,0549451	0,142857	-665,332655505	-1,8622263461
64	-23,427125134	0,0561661	0,152625	-656,705479693	-1,88669051548
64,5	-23,231516068	0,032967	0,157509	-651,527411986	-1,90168514357
65	-22,644154419	0,014652	0,147741	-635,933667651	-1,94831640944
65,5	-22,383342331	0,0671551	0,147741	-628,987897019	-1,96983122548
66	-22,05679277	0,025641	0,145299	-620,273092937	-1,9975072498
66,5	-21,600371616	0,045177	0,147741	-608,05863749	-2,03763243149
67	-21,339025077	0,0525031	0,15873	-601,047223453	-2,06140208565
67,5	-21,013009967	0,0525031	0,164835	-592,283365879	-2,09190409756
68	-20,49085134	0,04884	0,169719	-578,206993398	-2,14283122506
68,5	-20,295242274	0,0610501	0,145299	-572,921329207	-2,16260058203
69	-19,707880625	0,0586081	0,148962	-557,010012361	-2,22437653275
69,5	-19,446534086	0,0940171	0,163614	-549,911355599	-2,253090407
70	-19,185721998	0,0586081	0,175824	-542,815809064	-2,28254221655
70,5	-18,663563371	0,0781441	0,177045	-528,576523149	-2,34403146136
71	-18,402751283	0,0500611	0,156288	-521,447653371	-2,37607742981
71,5	-17,880592656	0,028083	0,164835	-507,142983942	-2,44309798071
72	-17,619246117	0,0708181	0,162393	-499,967437586	-2,47816138983
72,5	-17,358434029	0,0695971	0,166056	-492,796194639	-2,51422396009
73	-16,77107238	0,106227	0,191697	-476,609038014	-2,59961499086
73,5	-16,510260292	0,0695971	0,178266	-469,405132975	-2,63951097456
74	-16,248913753	0,041514	0,162393	-462,176709505	-2,68079281046
74,5	-15,726755126	0,047619	0,151404	-447,705995716	-2,76744115972
75	-15,400740016	0,0915751	0,167277	-438,652124805	-2,82456171972
75,5	-15,20513095	0,0573871	0,175824	-433,212966523	-2,86002519718
76	-14,617769301	0,0830281	0,153846	-416,850540936	-2,97228833437
76,5	-14,356422762	0,0622711	0,157509	-409,555895582	-3,02522809064
77	-14,095610674	0,04884	0,156288	-402,267672522	-3,08003870217
77,5	-13,573452047	0,0659341	0,167277	-387,65139447	-3,19617062566
78	-13,312639959	0,0866911	0,167277	-380,338602759	-3,25762357808
78,5	-13,05129342	0,1221	0,167277	-373,002920709	-3,32168980781
79	-12,529669244	0,0903541	0,164835	-358,338508293	-3,45762448446
79,5	-12,203119683	0,0500611	0,157509	-349,143031874	-3,54868889506
80	-11,680961056	0,0927961	0,168498	-334,415857496	-3,70496784835
80,5	-11,48535199	0,125763	0,179487	-328,891602839	-3,76719864327
81	-11,158802429	0,113553	0,190476	-319,660908793	-3,8759822234
81,5	-10,637178253	0,106227	0,17094	-304,894553843	-4,06370000508
82	-10,310628692	0,100122	0,168498	-295,637512891	-4,19094311776
82,5	-10,115019626	0,0866911	0,174603	-290,087760324	-4,27112125867
83	-9,592860999	0,114774	0,166056	-275,256874073	-4,50124998393
83,5	-9,332048911	0,0879121	0,168498	-267,840382757	-4,62588944671
84	-9,070702372	0,14652	0,186813	-260,403126844	-4,7580073827
84,5	-8,809890284	0,125763	0,20757	-252,975678612	-4,89770402751
85	-8,222528635	0,129426	0,200244	-236,229740071	-5,24489422723
85,5	-8,026919569	0,141636	0,184371	-230,647242292	-5,37183964434
86	-7,700370008	0,161172	0,186813	-221,321869	-5,59818153351
86,5	-7,178211381	0,128205	0,203907	-206,395616429	-6,00303447059
87	-6,917399293	0,151404	0,203907	-198,933632037	-6,22820780636
87,5	-6,656587205	0,227106	0,218559	-191,467525554	-6,47107125041
88	-6,134428578	0,185592	0,227106	-176,508246065	-7,01950207777
88,5	-5,873082039	0,162393	0,205128	-169,015368025	-7,33069432962
89	-5,28572039	0,186813	0,205128	-152,162950098	-8,14258660996
89,5	-5,090111324	0,20757	0,227106	-146,54695197	-8,45462824945
90	-4,764096214	0,196581	0,250305	-137,183191684	-9,03171871707
90,5	-4,241937587	0,194139	0,257631	-122,176697902	-10,1410499815
91	-3,980591048	0,239316	0,235653	-114,661882786	-10,80568337
91,5	-3,71977896	0,266178	0,257631	-107,160056948	-11,5621439115
92	-3,197620333	0,262515	0,297924	-92,1345160031	-13,4477289701
92,5	-2,936808245	0,30525	0,307692	-84,6264915566	-14,6408054642
93	-2,610258684	0,328449	0,299145	-75,2236219256	-16,4708899716
93,5	-2,15383753	0,340659	0,324786	-62,0771229535	-19,9590435421
94	-1,827287969	0,361416	0,35409	-52,6689065496	-23,5243159801
94,5	-1,370332364	0,448107	0,559219	-39,5007590512	-31,366485854
95	-1,044317254	1,23565	2,07692	-30,1043557444	-41,1568349284
95,5	-0,783505166	5	5	-22,5865167316	-54,8557360448
96	-0,261346539	5	5	-7,53418323039	-164,450473543
96,5	0	5	5	0	 
97	0,260812088	5	4,85226	7,51877600925	164,787459884
97,5	0,848173737	5	3,88889	24,4506207545	50,6735600884
98	1,108985825	2,10867	0,937729	31,9683196214	38,7571200074
98,5	1,631144452	0,897436	0,52381	47,0169754944	26,3521842265
99	1,892490991	0,446886	0,327228	54,5476166814	22,7140996322
99,5	2,348912145	0,339438	0,301587	67,696473376	18,3022827957
100	2,675461706	0,304029	0,278388	77,1013229867	16,0697631636
100,5	2,936273794	0,26862	0,260073	84,6111044071	14,643468002
101	3,458432421	0,261294	0,25641	99,640631336	12,4346863663
101,5	3,719244509	0,224664	0,238095	107,144682022	11,563803043
102	3,980591048	0,199023	0,224664	114,661882786	10,80568337
102,5	4,502749675	0,214896	0,206349	129,673611195	9,55475820089
103	4,828764785	0,201465	0,216117	139,040956075	8,91104344343
103,5	5,024373851	0,192918	0,223443	144,659221615	8,56495691161
104	5,6117355	0,199023	0,214896	161,51897346	7,67092542416
104,5	5,873082039	0,197802	0,211233	169,015368025	7,33069432962
105	6,133894127	0,157509	0,189255	176,492926901	7,0201113538
105,5	6,656052754	0,142857	0,18315	191,452222029	6,47158850843
106	6,916864842	0,180708	0,190476	198,918336801	6,22868670595
106,5	7,439023469	0,168498	0,201465	213,853324109	5,7936906296
107	7,76557303	0,14652	0,189255	223,184475269	5,55146140208
107,5	7,961182096	0,113553	0,169719	228,770550204	5,41590689403
108	8,548543745	0,108669	0,159951	245,527752288	5,04627272663
108,5	8,744152811	0,135531	0,175824	251,102763203	4,93423482958
109	9,070702372	0,107448	0,185592	260,403126844	4,7580073827
109,5	9,592326548	0,113553	0,184371	275,241682125	4,50149843017
110	9,853673087	0,130647	0,177045	282,667661808	4,38323928557
110,5	10,114485175	0,117216	0,174603	290,072592405	4,27134459595
111	10,701846824	0,0708181	0,161172	306,726615937	4,0394277367
111,5	10,962658912	0,0732601	0,141636	314,111438626	3,94445998344
112	11,289208473	0,105006	0,144078	323,348405517	3,83178014446
112,5	11,746164078	0,0842491	0,162393	336,256412716	3,68468809261
113	12,006976166	0,0830281	0,163614	343,614255045	3,60578754172
113,5	12,463931771	0,0879121	0,148962	356,488299241	3,47556989286
114	12,855149903	0,0989011	0,167277	367,492302572	3,37149918876
114,5	13,05129342	0,0818071	0,178266	373,002920709	3,32168980781
115	13,638655069	0,125763	0,164835	389,478343235	3,18117816182
115,5	13,899467157	0,0842491	0,155067	396,781070664	3,12262880366
116	14,486828806	0,0964591	0,166056	413,19683415	2,99857089309
116,5	14,682437872	0,043956	0,14652	418,65422275	2,95948286837
117	14,943784411	0,042735	0,135531	425,938025658	2,90887388625
117,5	15,465408587	0,0634921	0,135531	440,449195048	2,81303726725
118	15,791958148	0,0695971	0,168498	449,515039856	2,75630377217
118,5	16,052770236	0,0757021	0,159951	456,745371503	2,71267116714
119	16,574928863	0,0781441	0,135531	471,192259784	2,62949990003
119,5	16,835740951	0,0659341	0,13431	478,393730024	2,58991688695
120	17,4231026	0,025641	0,150183	494,57526802	2,50517985859
120,5	17,684449139	0,0610501	0,148962	501,758635405	2,4693147513
121	17,945261227	0,0976801	0,148962	508,916905416	2,43458212296
121,5	18,467419854	0,04884	0,142857	523,216275609	2,36804560133
122	18,728231942	0,025641	0,137973	530,342443444	2,33622636716
122,5	18,989578481	0,0512821	0,151404	537,472190987	2,30523554665
123	19,511737108	0,0793651	0,141636	551,683467553	2,24585305319
123,5	19,772549196	0,047619	0,14652	558,764747794	2,21739113803
124	20,359910845	0,039072	0,135531	574,669517492	2,15602178694
124,5	20,555519911	0,0512821	0,147741	579,952960472	2,13638016261
125	20,882069472	0,0561661	0,140415	588,758042314	2,10442985226
125,5	21,14288156	0,046398	0,135531	595,776855746	2,07963768322
126	21,665040187	0,00854701	0,133089	609,791621262	2,0318416272
126,5	21,925852275	0,021978	0,135531	616,772938204	2,00884300081
127	22,448010902	0,019536	0,135531	630,711327287	1,96444862554
127,5	22,70882299	0,042735	0,136752	637,653844044	1,94306050465
128	23,035372551	0,00854701	0,129426	646,327571555	1,9169845981
128,5	23,492328156	0,010989	0,137973	658,429804295	1,88174956832
129	23,818343266	0,0573871	0,144078	667,038592081	1,85746374304
129,5	24,340501893	0,01221	0,140415	680,781654363	1,81996678679
130	24,601313981	0,029304	0,137973	687,625049344	1,80185407903
130,5	24,86266052	0,043956	0,155067	694,468175515	1,78409903244
131	25,384819147	0,046398	0,242979	708,097018827	1,74976022643
131,5	25,645631235	0,0952381	0,412698	714,8825126	1,733151921
132	26,232992884	0,02442	0,617827	730,109320238	1,69700614094
132,5	26,42860195	0,00610501	0,813187	735,163352014	1,68533972294
133	26,755151511	0,015873	0,962149	743,58142553	1,66626001869
133,5	27,015963599	0,025641	1,05739	750,287526032	1,6513669187
134	27,538122226	0,039072	1,12454	763,666610227	1,62243573754
134,5	27,798934314	0,0549451	1,18315	770,325622598	1,60841073392
135	28,190686897	0,0769231	1,21612	780,297749416	1,58785540639
135,5	28,581905029	0,021978	1,25763	790,219868007	1,56791805694
136	28,90845459	0,025641	1,28205	798,47366438	1,55171053883
136,5	29,430613217	0,043956	1,32112	811,61762788	1,52658093841
137	29,691425305	0,029304	1,37973	818,157707604	1,51437795976
137,5	29,952771844	0,00976801	1,43834	824,694183897	1,50237509151
138	30,47439602	0,028083	1,49573	837,688967474	1,47906925853
138,5	30,735742559	0,037851	1,57387	844,173633135	1,46770753239
139	31,061757669	0,018315	1,64835	852,238252678	1,45381880725
139,5	31,518713274	0,0573871	1,72039	863,495440787	1,43486571147
140	31,845262835	0,0573871	1,81074	871,506443729	1,42167623535
140,5	32,366887011	0,0622711	1,90354	884,244236358	1,40119658015
141	32,62823355	0,037851	2,00122	890,59869094	1,39119899075
141,5	32,889045638	0,0634921	2,0989	896,921677868	1,3813915201
142	33,150392177	0,019536	2,20391	903,238979423	1,37172999419
142,5	33,672016353	0,0537241	2,3663	915,791428604	1,35292814641
143	33,998565914	0,04884	2,48962	923,611003757	1,34147384013
143,5	34,259378002	0,039072	2,62271	929,834887758	1,33249463567
144	34,781536629	0,013431	2,8022	942,237380674	1,31495526012
144,5	35,042348717	0,047619	3,00733	948,403038088	1,30640661221
145	35,303695256	0,032967	3,18315	954,561617711	1,29797802155
145,5	35,825853883	0,032967	3,36264	966,806575301	1,28153865691
146	36,086665971	0,0525031	3,58486	972,892780686	1,27352163013
146,5	36,347478059	0,0732601	3,80098	978,958826821	1,26563034732
147	36,934839708	0,0634921	3,98291	992,545388447	1,2483056336
147,5	37,196186247	0,0500611	4,11233	998,557281953	1,24079011029
148	37,456998335	0,0805861	4,28327	1004,53616904	1,23340506613
148,5	37,979156962	0,111111	4,3663	1016,44351963	1,2189560719
149	38,23996905	0,0732601	4,36752	1022,3595487	1,21190240906
149,5	38,696924655	0,153846	4,31868	1032,67357643	1,19979829859
150	39,088677238	0,228327	4,21123	1041,4636252	1,18967189062
150,5	39,349489326	0,263736	4,02198	1047,28869123	1,18305488293
151	39,610301414	0,302808	3,74603	1053,09205646	1,17653532034
151,5	40,132460041	0,368742	3,45543	1064,64498382	1,16376822211
152	40,39380658	0,47619	3,14164	1070,39421605	1,15751746546
152,5	40,654618668	0,516484	2,83639	1076,10948894	1,15136983061
153	41,176777295	0,494505	2,54212	1087,48461968	1,13932645812
153,5	41,437589383	0,564103	2,28205	1093,13259885	1,13343980529
154	41,764138944	0,610501	2,06349	1100,17219887	1,12618733801
154,5	42,286297571	0,643468	1,85958	1111,35429327	1,11485599822
155	42,547109659	0,678877	1,64347	1116,90510966	1,10931536554
155,5	42,807921747	0,659341	1,43468	1122,43278273	1,10385229215
156	43,330080374	0,697192	1,25763	1133,42944879	1,09314258714
156,5	43,656629935	0,666667	1,08547	1140,25879997	1,08659542907
157	44,113051089	0,692308	0,925519	1149,7421305	1,07763294667
157,5	44,374397628	0,708181	0,783883	1155,13947043	1,07259775266
158	44,700412738	0,705739	0,664225	1161,83864547	1,06641314165
158,5	45,222571365	0,689866	0,507937	1172,48984638	1,05672556894
159	45,483383453	0,693529	0,367521	1177,77358349	1,05198487839
159,5	45,744729992	0,656899	0,295482	1183,0436682	1,04729861906
160	46,266888619	0,705739	0,228327	1193,4992344	1,03812383309
160,5	46,527700707	0,653236	0,168498	1198,6845998	1,03363303425
161	46,788512795	0,661783	0,155067	1203,84512732	1,02920215556
161,5	47,375874444	0,678877	0,135531	1215,37538148	1,01943812494
162	47,637220983	0,616606	0,131868	1220,4647803	1,01518701727
162,5	47,898033071	0,600733	0,133089	1225,51845634	1,01100068595
163	48,354988676	0,639805	0,139194	1234,31146112	1,00379850551
163,5	48,681003786	0,619048	0,114774	1240,53687765	0,998761118934
164	48,942350325	0,626374	0,111111	1245,49842221	0,994782472548
164,5	49,464508952	0,59707	0,113553	1255,33365382	0,986988595604
165	49,790524062	0,554335	0,123321	1261,42156407	0,982225161907
165,5	49,986133128	0,570208	0,0964591	1265,05471942	0,979404274759
166	50,573494777	0,566545	0,0952381	1275,87533268	0,971098012684
166,5	50,834841316	0,554335	0,113553	1280,6469285	0,967479773252
167	51,095653404	0,542125	0,112332	1285,38220313	0,963915633022
167,5	51,617812031	0,531136	0,117216	1294,7823184	0,956917608772
168	51,878624119	0,528694	0,114774	1299,43734282	0,953489605979
168,5	52,139970658	0,472527	0,101343	1304,07489778	0,950098803455
169	52,661594834	0,466422	0,101343	1313,24982466	0,943461005465
169,5	52,988144395	0,529915	0,0976801	1318,93820323	0,939392002571
170	53,248956483	0,493284	0,124542	1323,45069317	0,936189014362
170,5	53,77111511	0,483516	0,113553	1332,40241672	0,929899243992
171	54,032461649	0,457875	0,108669	1336,84135156	0,926811546149
171,5	54,293273737	0,470085	0,0964591	1341,24347991	0,923769635089
172	54,880635386	0,498168	0,123321	1351,05538044	0,917060853269
172,5	55,076244452	0,456654	0,111111	1354,29157258	0,914869460229
173	55,402794013	0,388278	0,102564	1359,65887827	0,911257977869
173,5	55,924418189	0,389499	0,111111	1368,14081952	0,905608532634
174	56,185764728	0,382173	0,105006	1372,34788449	0,902832302218
174,5	56,446576816	0,405372	0,107448	1376,51788065	0,900097279823
175	56,968735443	0,37851	0,102564	1384,7806175	0,894726561267
175,5	57,229547531	0,358974	0,118437	1388,86472969	0,892095517667
176	57,49089407	0,369963	0,0854701	1392,92834381	0,889492991875
176,5	58,013052697	0,365079	0,0964591	1400,96038289	0,884393316995
177	58,339067807	0,347985	0,1221	1405,9163086	0,881275786061
177,5	58,534676873	0,332112	0,107448	1408,86802533	0,879429426832
178	59,122038522	0,315018	0,0940171	1417,63241949	0,873992427775
178,5	59,383385061	0,357753	0,125763	1421,48429884	0,871624119248
179	59,905543688	0,349206	0,131868	1429,09152642	0,86698435831
179,5	60,166355776	0,302808	0,111111	1432,84683786	0,864712101296
180	60,492370886	0,294261	0,119658	1437,49921663	0,861913513179
180,5	61,014529513	0,310134	0,153846	1444,85362138	0,857526313855
181	61,275876052	0,302808	0,153846	1448,48956397	0,855373784403
181,5	61,53668814	0,284493	0,141636	1452,08802633	0,853254057284
182	62,058846767	0,289377	0,136752	1459,20183065	0,8490943295
182,5	62,319658855	0,344322	0,150183	1462,7097439	0,847058006665
183	62,581005394	0,29304	0,180708	1466,19444351	0,845044806631
183,5	63,10262957	0,242979	0,145299	1473,05831402	0,84110723127
184	63,363976109	0,26862	0,152625	1476,45140746	0,839174248295
184,5	63,624788197	0,253968	0,147741	1479,80693731	0,837271382343
185	64,146946824	0,261294	0,145299	1486,43265782	0,833539275043
185,5	64,473496385	0,257631	0,162393	1490,51356645	0,831257110227
186	64,734308473	0,205128	0,144078	1493,73817938	0,829462630803
186,5	65,2564671	0,241758	0,123321	1500,10093303	0,825944423282
187	65,517279188	0,245421	0,144078	1503,23242935	0,824223836453
187,5	65,778625727	0,241758	0,163614	1506,33909843	0,822523959773
188	66,365452925	0,191697	0,153846	1513,20051903	0,818794326604
188,5	66,561596442	0,191697	0,128205	1515,4585488	0,817574324935
189	66,887611552	0,223443	0,140415	1519,17237206	0,81557565342
189,5	67,409770179	0,239316	0,156288	1525,01805288	0,812449398656
190	67,670582267	0,152625	0,131868	1527,89049972	0,81092198703
190,5	67,931928806	0,178266	0,141636	1530,73707599	0,809413987181
191	68,192740894	0,197802	0,141636	1533,54608026	0,8079313794
191,5	68,192740894	0,178266	0,111111	1533,54608026	0,8079313794
192	68,192740894	0,169719	0,126984	1533,54608026	0,8079313794
192,5	68,192740894	0,192918	0,152625	1533,54608026	0,8079313794
193	68,192740894	0,178266	0,131868	1533,54608026	0,8079313794
193,5	68,192740894	0,181929	0,133089	1533,54608026	0,8079313794
194	68,192740894	0,217338	0,131868	1533,54608026	0,8079313794
194,5	68,192740894	0,173382	0,128205	1533,54608026	0,8079313794
