Vernier Format 2
Bandlücke-Si_Lampenleistung.cmbl 07.09.2016 14:40:14 ,
Latest
Time	Potential	Pyro	Sample	Wellenlänge	Energie
t	Pot	Pot	Pot	Lambda	E
s	°	V	V	nm	eV

0	69,0848643182	0,103785	0,031746	1542,9138556	0,803026037714
0,5	69,0196078511	0,0989011	0,03663	1542,24128055	0,803376239259
1	69,0196078511	0,0866911	0,023199	1542,24128055	0,803376239259
1,5	68,4975561143	0,0818071	0,00854701	1536,78873339	0,806226628997
2	68,2365302459	0,105006	0,015873	1534,01458746	0,807684627077
2,5	67,9755043775	0,140415	0,015873	1531,20860317	0,809164732639
3	67,4534526407	0,126984	0,02442	1525,50135316	0,812192003261
3,5	67,1924267723	0,101343	0,02442	1522,60020589	0,813739545818
4	66,9314009039	0,0744811	0,026862	1519,66745717	0,815309950975
4,5	66,4093491671	0,1221	0,019536	1513,70739952	0,818520144908
5	66,1483232987	0,152625	0,00854701	1510,68021429	0,820160341205
5,5	65,5610150948	0,135531	0,040293	1503,75450605	0,823937680663
6	65,2999892264	0,113553	0,029304	1500,62565325	0,825655617254
6,5	64,7779374896	0,108669	0,013431	1494,27457713	0,829164879708
7	64,5169116212	0,0830281	0,01221	1491,05248564	0,830956664461
7,5	63,9948598844	0,150183	0,013431	1484,51553013	0,834615721329
8	63,733834016	0,141636	0,013431	1481,20080179	0,83648347915
8,5	63,2117822792	0,119658	0,00732601	1474,47918793	0,840296702822
9	62,6897305424	0,130647	0,00976801	1467,63516392	0,844215258984
9,5	62,3634482069	0,156288	0,013431	1463,29573954	0,846718791369
10	61,8413964701	0,125763	0,01221	1456,25401534	0,850813104682
10,5	61,5803706017	0,161172	0,032967	1452,6877799	0,852901784642
11	61,0583188649	0,117216	0,020757	1445,46493238	0,857163651808
11,5	60,7972929965	0,102564	0,02442	1441,80847022	0,859337440157
12	60,2752412597	0,120879	0,020757	1434,40584856	0,863772272849
12,5	59,81844599	0,114774	0,015873	1427,83084784	0,867749847174
13	59,4921636545	0,142857	0,031746	1423,07882963	0,870647482208
13,5	58,9048554506	0,115995	0,025641	1414,40900392	0,87598424258
14	58,7090860493	0,111111	0,010989	1411,48599138	0,877798297375
14,5	58,1217778454	0,129426	0,010989	1402,61821956	0,883348000706
15	57,860751977	0,157509	0,00976801	1398,62962627	0,885867120735
15,5	57,3387002402	0,113553	0,015873	1390,56543774	0,891004455
16	57,0124179047	0,101343	0,013431	1385,46665326	0,894283523232
16,5	56,4903661679	0,15873	0,020757	1377,21521295	0,899641529044
17	55,9683144311	0,123321	0,018315	1368,84943726	0,905139722658
17,5	55,7072885627	0,139194	0,028083	1364,62389031	0,907942480557
18	55,1852368259	0,128205	0,00732601	1356,08791673	0,913657576852
18,5	54,9242109575	0,136752	0,014652	1351,77766726	0,916570845939
19	54,4021592207	0,151404	0,021978	1343,07309023	0,922511223707
19,5	54,0106204181	0,18315	0,025641	1336,47144512	0,927068067579
20	53,6190816155	0,147741	0,035409	1329,80738883	0,931713878574
20,5	53,0317734116	0,17094	0,021978	1319,69496499	0,938853320557
21	52,7707475432	0,159951	0,028083	1315,155982	0,94209357442
21,5	52,2486958064	0,157509	0,00976801	1305,99622292	0,948701059206
22	51,9876164929	0,161172	0,00976801	1301,3746881	0,952070154222
22,5	51,4655647561	0,169719	0,025641	1292,05257173	0,958939308746
23	51,2045388877	0,188034	0,029304	1287,35124036	0,962441298965
23,5	50,6824871509	0,124542	0,021978	1277,86851914	0,969583318974
24	50,4214612825	0,108669	0,018315	1273,0873261	0,973224675639
24,5	49,8341530786	0,178266	0,00976801	1262,23318535	0,981593586969
25	49,3121013418	0,166056	0,014652	1252,47368567	0,989242340322
25,5	49,0510754734	0,164835	0,00976801	1247,55489256	0,99314267243
26	48,5290237366	0,199023	0,030525	1237,63973027	1,00109908376
26,5	48,2679978682	0,17094	0,020757	1232,64356687	1,00515674872
27	47,7459461314	0,17094	0,014652	1222,57459403	1,01343509512
27,5	47,2238943946	0,172161	0,014652	1212,40412397	1,0219364777
28	46,9628685262	0,185592	0,020757	1207,28109101	1,02627301068
28,5	46,4408167894	0,221001	0,028083	1196,95996086	1,0351223437
29	46,179790921	0,208791	0,018315	1191,76207789	1,0396370408
29,5	45,52722625	0,205128	0,026862	1178,65939241	1,05119427035
30	45,3314568487	0,169719	0,030525	1174,69869492	1,05473855156
30,5	44,8094051119	0,202686	0,01221	1164,06991386	1,06436906001
31	44,5483792435	0,196581	0,010989	1158,71922779	1,06928405975
31,5	44,0263275067	0,25641	0,025641	1147,94581981	1,07931923147
32	43,5042757699	0,253968	0,023199	1137,07711023	1,08963586449
32,5	43,1779934344	0,236874	0,025641	1130,236172	1,09623106276
33	42,6559416976	0,17094	0,018315	1119,21452526	1,10702637612
33,5	42,3949158292	0,213675	0,025641	1113,66880076	1,11253902341
34	41,8728640924	0,245421	0,013431	1102,50812504	1,12380124179
34,5	41,611838224	0,246642	0,015873	1096,89340544	1,12955369579
35	41,0897864872	0,230769	0,021978	1085,59578545	1,14130877866
35,5	40,5677347504	0,235653	0,025641	1074,2080401	1,15340786305
36	40,2414524149	0,240537	0,02442	1067,04535224	1,16115027107
36,5	39,7194006781	0,252747	0,020757	1055,51317286	1,1738366056
37	39,5236312768	0,236874	0,00732601	1051,16596237	1,17869113381
37,5	38,9363230729	0,252747	0,017094	1038,05090262	1,19358308621
38	38,6752972045	0,283272	0,017094	1032,18689502	1,20036400964
38,5	38,1532454677	0,271062	0,030525	1020,39473309	1,21423598126
39	37,6311937309	0,255189	0,013431	1008,51785875	1,22853550807
39,5	37,3701678625	0,299145	0,00732601	1002,54796228	1,23585109801
40	36,8481161257	0,324786	0,018315	990,545870275	1,25082546622
40,5	36,5218337902	0,340659	0,02442	983,002739591	1,26042375072
41	35,9997820534	0,321123	0,017094	970,867525743	1,27617822942
41,5	35,4777303166	0,351648	0,028083	958,651711197	1,29244019025
42	35,2819609153	0,29304	0,02442	954,050207653	1,29867379102
42,5	34,6946527114	0,315018	0,015873	940,17908333	1,31783404031
43	34,433626843	0,301587	0,026862	933,982343215	1,32657754079
43,5	33,9115751062	0,350427	0,00732601	921,530837811	1,34450194086
44	33,6505492378	0,376068	0,017094	915,276330952	1,353689545
44,5	33,128497501	0,371184	0,026862	902,710457976	1,37253311851
45	32,6064457642	0,357753	0,026862	890,069642653	1,39202590519
45,5	32,2801634287	0,373626	0,029304	882,131542458	1,40455242825
46	31,7581116919	0,358974	0,015873	869,371186789	1,42516800514
46,5	31,4970858235	0,380952	0,013431	862,963877055	1,43574955215
47	30,9750340867	0,411477	0,01221	850,0956587	1,4574830342
47,5	30,4529823499	0,416361	0,015873	837,156866039	1,48000936296
48	30,1919564815	0,42735	0,032967	830,661339795	1,49158259888
48,5	29,6046482776	0,396825	0,026862	815,98357682	1,5184129132
49	29,4088788763	0,43956	0,020757	811,071860243	1,5276081698
49,5	28,8215706724	0,401709	0,00732601	796,280126543	1,55598508452
50	28,560544804	0,479853	0,013431	789,679074221	1,56899181002
50,5	28,0384930672	0,459096	0,018315	776,427937743	1,59576947167
51	27,4511848633	0,459096	0,029304	761,443416193	1,62717277955
51,5	27,1901589949	0,474969	0,015873	754,757854113	1,64158609711
52	26,6681072581	0,462759	0,017094	741,339874219	1,67129820355
52,5	26,4070813897	0,394383	0,021978	734,607734893	1,68661442175
53	25,8850296529	0,282051	0,01221	721,097856107	1,71821340128
53,5	25,3630848063	0,274725	0,01221	707,530896774	1,75116027533
54	25,1017382673	0,211233	0,01221	700,715562004	1,76819249805
54,5	24,5143766183	0,245421	0,019536	685,345493824	1,80784729916
55	24,2535645303	0,241758	0,025641	678,497380929	1,82609400541
55,5	23,7314059033	0,241758	0,030525	664,745015485	1,86387256939
56	23,4705938153	0,18315	0,014652	657,855124063	1,8833934018
56,5	22,9484351883	0,221001	0,010989	644,020402187	1,92385209505
57	22,6876231003	0,212454	0,020757	637,090018861	1,94478011477
57,5	22,1002614513	0,227106	0,00732601	621,434333734	1,99377461582
58	21,6433058463	0,242979	0,025641	609,209272502	2,03378388335
58,5	21,3824937583	0,247863	0,019536	602,214273689	2,05740722884
59	20,7951321093	0,23199	0,023199	586,41571962	2,11283558497
59,5	20,2729734823	0,23199	0,021978	572,319166947	2,16487594957
60	20,0121613943	0,218559	0,021978	565,260230967	2,19191079104
60,5	19,4900027673	0,245421	0,014652	551,09284284	2,24826000936
61	19,2286562283	0,297924	0,010989	543,984637407	2,27763785004
61,5	18,7070320523	0,247863	0,017094	529,763607262	2,3387790007
62	18,1848734253	0,297924	0,039072	515,48403072	2,40356621382
62,5	17,8583238643	0,297924	0,014652	506,531979785	2,44604496744
63	17,4019027103	0,302808	0,019536	493,992114923	2,50813720011
63,5	17,0753531493	0,258852	0,017094	485,001101527	2,5546333732
64	16,5531945223	0,263736	0,018315	470,591694489	2,63285564643
64,5	16,2923824343	0,347985	0,00732601	463,379653817	2,67383341024
65	15,7702238073	0,335775	0,020757	448,91208971	2,76000586395
65,5	15,1828621583	0,34188	0,014652	432,59343319	2,86412114688
66	14,9872530923	0,334554	0,035409	427,148654767	2,90062952598
66,5	14,3998914433	0,349206	0,017094	410,769778436	3,0162881133
67	14,2042823773	0,376068	0,02442	405,305453779	3,05695368381
67,5	13,6169207283	0,367521	0,010989	388,869416241	3,18615953905
68	13,0947621013	0,347985	0,015873	374,223576321	3,31085500326
68,5	12,8339500133	0,418803	0,018315	366,896436293	3,37697474665
69	12,3117913863	0,40293	0,026862	352,204447883	3,51784313755
69,5	12,0504448473	0,407814	0,014652	344,839873992	3,59297196597
70	11,4630831983	0,400488	0,00854701	328,262458923	3,77441881129
70,5	10,9414590223	0,505495	0,017094	313,511410534	3,95200926782
71	10,7453155053	0,512821	0,02442	307,957865218	4,0232776621
71,5	10,1579538563	0,500611	0,015873	291,306167284	4,25325701667
72	9,89714176833	0,538462	0,020757	283,902227799	4,36417850471
72,5	9,37498314133	0,576313	0,015873	269,061652626	4,60489255123
73	9,11417105333	0,586081	0,013431	261,640514446	4,73550513621
73,5	8,52680940433	0,638584	0,015873	244,90812879	5,05903991885
74	8,26599731633	0,6337	0,01221	237,469923507	5,21750283868
74,5	7,74383868933	0,669109	0,00854701	222,563638509	5,56694709118
75	7,22168006233	0,710623	0,014652	207,638868877	5,96709087611
75,5	6,96086797433	0,788767	0,019536	200,177586535	6,18950413702
76	6,43870934733	0,864469	0,041514	185,227422752	6,68907433679
76,5	5,85134769833	0,836386	0,014652	168,392077898	7,35782832225
77	5,59000115933	0,913309	0,015873	160,895397912	7,70065530822
77,5	5,06837698333	0,995116	0,01221	145,922845544	8,49078837095
78	4,80703044433	1,02442	0,018315	138,416603114	8,95123830617
78,5	4,28487181733	1,10745	0,023199	123,410999143	10,0396237661
79	4,02405972933	1,2442	0,025641	115,9119603	10,6891471492
79,5	3,43669808033	1,32967	0,01221	99,0151984381	12,5132304893
80	2,91453945333	1,43468	0,013431	83,9853541061	14,7525721977
80,5	2,65372736533	1,52015	0,00854701	76,4754336075	16,2012811377
81	2,13156873833	1,73382	0,00732601	61,4355976101	20,1674606938
81,5	1,60941011133	1,93651	0,015873	46,3906591866	26,7079628038
82	1,34859802333	2,23443	0,023199	38,8743685868	31,8719003045
82,5	0,826439396333	3,18193	0,018315	23,8241208311	52,006116355
83	0,565627308333	4,99878	0,00732601	16,3058801362	75,9848588147
83,5	-0,0217343406667	4,99756	0,00610501	-0,626566816254	-1977,44273692
84	-0,543892967667	4,99756	0,00854701	-15,6793426784	-79,0211697911
84,5	-0,804705055667	3,66056	0,00976801	-23,1976174796	-53,4106574129
85	-1,32686368267	2,62271	0,00854701	-38,2479725287	-32,3938739255
85,5	-1,58821022167	2,32357	0,00976801	-45,7797376675	-27,0643752701
86	-2,10983439767	2,07692	0,013431	-60,8094599253	-20,375119291
86,5	-2,37118093667	1,84737	0,015873	-68,337903054	-18,1304948591
87	-2,89333956367	1,70208	0,023199	-83,3749794638	-14,8605733755
87,5	-3,48016676167	1,51404	0,019536	-100,266049896	-12,3571238847
88	-3,74151330067	1,37485	0,020757	-107,785296055	-11,4950744243
88,5	-4,26367192767	1,22466	0,00976801	-122,801539513	-10,0894500583
89	-4,58968703767	1,20513	0,017094	-132,17199286	-9,37414934279
89,5	-5,11184566467	1,12576	0,023199	-147,17103731	-8,41877602177
90	-5,56880126967	1,08547	0,021978	-160,287133883	-7,72987806309
90,5	-5,89481637967	0,969475	0,02442	-169,638633832	-7,30376077673
91	-6,41697500667	0,896215	0,013431	-184,604794752	-6,71163499119
91,5	-6,67778709467	0,888889	0,025641	-192,074551915	-6,45062028077
92	-7,19994572167	0,81685	0,00732601	-207,017257547	-5,98500827748
92,5	-7,52649528267	0,776557	0,020757	-216,353524224	-5,72673823753
93	-8,04811945867	0,724054	0,015873	-231,252398148	-5,35778227565
93,5	-8,57027808567	0,716728	0,035409	-246,147340455	-5,03357053425
94	-8,83162462467	0,68254	0,018315	-253,594834966	-4,88574619498
94,5	-9,35324880067	0,566545	0,00976801	-268,443435266	-4,61549748375
95	-9,61459533967	0,571429	0,018315	-275,874659682	-4,49117001695
95,5	-10,1367539667	0,549451	0,014652	-290,704567651	-4,26205893499
96	-10,6583781427	0,545788	0,025641	-305,495190109	-4,05571033559
96,5	-10,9849277037	0,538462	0,021978	-314,741673922	-3,93656163978
97	-11,5070863307	0,501832	0,021978	-329,505599395	-3,76017889309
97,5	-11,7678984187	0,518926	0,019536	-336,869834469	-3,67797847484
98	-12,2900570457	0,449328	0,029304	-351,59226569	-3,52396830336
98,5	-12,8122156727	0,431013	0,018315	-366,28549603	-3,38260731978
99	-13,0730277607	0,407814	0,023199	-373,613275395	-3,31626331717
99,5	-13,6603894097	0,423687	0,00732601	-390,087214185	-3,17621279279
100	-13,9212014977	0,431013	0,025641	-397,389262251	-3,1178497199
100,5	-14,4433601247	0,442002	0,029304	-411,983424858	-3,00740254399
101	-14,7047066637	0,407814	0,028083	-419,275201972	-2,9550996438
101,5	-15,2263308397	0,395604	0,018315	-433,802701453	-2,85613712375
102	-15,7484894667	0,357753	0,00732601	-448,309074968	-2,76371831217
102,5	-16,0098360057	0,365079	0,014652	-455,555779237	-2,71975476214
103	-16,5314601817	0,373626	0,00976801	-469,991061478	-2,63622034875
103,5	-17,0536188087	0,400488	0,017094	-484,402119249	-2,55779227787
104	-17,3801683697	0,368742	0,019536	-493,39419028	-2,51117671105
104,5	-17,9023269967	0,377289	0,00854701	-507,739250127	-2,4402289161
105	-18,1631390847	0,35409	0,02442	-514,888721022	-2,4063451954
105,5	-18,6852977117	0,385836	0,023199	-529,170103278	-2,34140211687
106	-18,9461097997	0,362637	0,031746	-536,287101078	-2,31032966765
106,5	-19,5334714487	0,360195	0,023199	-552,274012881	-2,2434515677
107	-20,0556300757	0,358974	0,00732601	-566,437537633	-2,18735503508
107,5	-20,3164421637	0,371184	0,025641	-573,494507266	-2,16043917475
108	-20,8386007907	0,357753	0,030525	-587,587050069	-2,10862373474
108,5	-21,0994128787	0,32967	0,021978	-594,607906878	-2,08372607506
109	-21,6215715057	0,339438	0,018315	-608,626836081	-2,03573014949
109,5	-22,2089331547	0,350427	0,025641	-624,335869387	-1,98450875683
110	-22,4045422207	0,316239	0,028083	-629,552966682	-1,96806315842
110,5	-22,9919038697	0,267399	0,017094	-645,174172546	-1,92041165428
111	-23,5140624967	0,251526	0,010989	-659,004389782	-1,88010887213
111,5	-23,7754090357	0,299145	0,014652	-665,906095249	-1,86062270467
112	-24,2970332117	0,316239	0,01221	-679,639713241	-1,82302472304
112,5	-24,5583797507	0,304029	0,032967	-686,499482781	-1,80480835176
113	-25,1457413997	0,326007	0,017094	-701,864090106	-1,76529903363
113,5	-25,4065534877	0,446886	0,010989	-708,663038988	-1,7483626658
114	-25,9287121147	0,59707	0,019536	-722,230600174	-1,71551856111
114,5	-26,5160737637	0,67033	0,018315	-737,4206281	-1,68018082596
115	-26,7768858517	0,703297	0,018315	-744,140857646	-1,66500735347
115,5	-27,2990444787	0,732601	0,025641	-757,548611333	-1,63553860632
116	-27,5598565667	0,724054	0,021978	-764,222134214	-1,62125636583
116,5	-28,0820151937	0,673993	0,034188	-777,535129399	-1,59349713364
117	-28,6041738207	0,627595	0,015873	-790,783547762	-1,56680042662
117,5	-28,8649859087	0,639805	0,026862	-797,376449999	-1,55384573999
118	-29,3871445357	0,614164	0,01221	-810,525975895	-1,52863700467
118,5	-29,9745061847	0,630037	0,025641	-825,237005393	-1,5013868645
119	-30,2358527237	0,616606	0,019536	-831,754890074	-1,48962153969
119,5	-30,7574768997	0,673993	0,028083	-844,712127639	-1,46677188531
120	-31,0188234387	0,616606	0,026862	-851,177762744	-1,45563013301
120,5	-31,5409820657	0,604396	0,018315	-864,042638968	-1,43395701106
121	-31,8017941537	0,561661	0,031746	-870,441685872	-1,42341528457
121,5	-32,3239527807	0,600733	0,013431	-883,198558221	-1,40285555096
122	-32,8461114077	0,630037	0,013431	-895,882078057	-1,38299451496
122,5	-33,1721265177	0,615385	0,025641	-903,763500042	-1,3709338781
123	-33,6290821227	0,611722	0,018315	-914,761104814	-1,35445199132
123,5	-34,2164437717	0,675214	0,029304	-928,81164897	-1,33396259766
124	-34,4772558597	0,627595	0,015873	-935,019446464	-1,32510612981
124,5	-34,9994144867	0,625153	0,030525	-947,389410901	-1,30780435768
125	-35,2602265747	0,650794	0,020757	-953,538660312	-1,2993704939
125,5	-35,8475882237	0,59707	0,00732601	-967,31452598	-1,28086570265
126	-36,1089347627	0,631258	0,00732601	-973,411503873	-1,27284298066
126,5	-36,6305589387	0,671551	0,015873	-985,519846329	-1,25720451457
127	-37,0875145437	0,644689	0,015873	-996,059965144	-1,24390101335
127,5	-37,4140641047	0,634921	0,017094	-1003,55336759	-1,23461296629
128	-37,9356882807	0,663004	0,034188	-1015,45546381	-1,22014213735
128,5	-38,2622378417	0,65812	0,018315	-1022,86369426	-1,21130509074
129	-38,7843964687	0,656899	0,02442	-1034,64044847	-1,1975174582
129,5	-39,1756146007	0,648352	0,015873	-1043,40771763	-1,18745527665
130	-39,5673671837	0,677656	0,00976801	-1052,13821826	-1,17760193337
130,5	-40,0895258107	0,683761	0,014652	-1063,6983735	-1,16480388696
131	-40,3503378987	0,65812	0,013431	-1069,43951102	-1,15855079903
131,5	-40,9376995477	0,678877	0,026862	-1082,28750734	-1,1447974698
132	-41,3946551527	0,664225	0,019536	-1092,20439705	-1,1344030507
132,5	-41,7206702627	0,649573	0,030525	-1099,23717867	-1,12714528224
133	-42,2428288897	0,68254	0,013431	-1110,42691523	-1,11578707523
133,5	-42,5688439997	0,649573	0,020757	-1117,36663461	-1,10885716615
134	-43,0910026267	0,664225	0,01221	-1128,40609738	-1,09800895518
134,5	-43,6131612537	0,697192	0,025641	-1139,35184235	-1,08746039103
135	-43,8739733417	0,70696	0,02442	-1144,78373295	-1,08230049427
135,5	-44,3961319687	0,626374	0,02442	-1155,58724804	-1,07218213259
136	-44,6574785077	0,664225	0,019536	-1160,95855044	-1,06722156405
136,5	-45,1791026837	0,647131	0,015873	-1171,60685855	-1,05752197588
137	-45,4404492227	0,592186	0,013431	-1176,90546309	-1,05276085366
137,5	-46,0278108717	0,630037	0,017094	-1188,72425516	-1,0422938664
138	-46,5499694987	0,648352	0,028083	-1199,12618995	-1,0332523886
138,5	-46,8107815867	0,626374	0,017094	-1204,28459179	-1,02882658173
139	-47,3329402137	0,612943	0,023199	-1214,5368696	-1,02014194135
139,5	-47,5937523017	0,592186	0,00732601	-1219,62003946	-1,01589016244
140	-48,1159109287	0,604396	0,02442	-1229,72074577	-1,0075458223
140,5	-48,6380695557	0,598291	0,014652	-1239,71931978	-0,999419772067
141	-48,9640846657	0,593407	0,028083	-1245,909873	-0,994453954372
141,5	-49,4862432927	0,595849	0,019536	-1255,74078115	-0,986668601196
142	-49,6818523587	0,578755	0,013431	-1259,39678876	-0,983804318907
142,5	-50,2692140077	0,551893	0,02442	-1270,2864165	-0,975370580927
143	-50,7913726347	0,571429	0,00854701	-1279,8551335	-0,968078314158
143,5	-51,0521847227	0,561661	0,01221	-1284,59483765	-0,964506444901
144	-51,5743433497	0,540904	0,026862	-1294,00386999	-0,957493272417
144,5	-52,1617049987	0,568987	0,030525	-1304,45934967	-0,949818789148
145	-52,4230515377	0,512821	0,017094	-1309,06751138	-0,946475249926
145,5	-52,9446757137	0,500611	0,026862	-1318,18346199	-0,939929862364
146	-53,1408192307	0,487179	0,017094	-1321,58305853	-0,93751201788
146,5	-53,7281808797	0,500611	0,015873	-1331,67053111	-0,930410316256
147	-54,2498050557	0,46398	0,018315	-1340,51171938	-0,924273903828
147,5	-54,5763546167	0,510379	0,031746	-1345,99001758	-0,920512027442
148	-55,0333102217	0,461538	0,025641	-1353,58261161	-0,915348638029
148,5	-55,3593253317	0,470085	0,025641	-1358,94695323	-0,911735367638
149	-55,8162809367	0,487179	0,014652	-1366,39173312	-0,906767781133
149,5	-56,4036425857	0,406593	0,015873	-1375,83338527	-0,900545090173
150	-56,5992516517	0,459096	0,013431	-1378,94569366	-0,898512541644
150,5	-57,1866133007	0,45177	0,017094	-1388,19438995	-0,89252629817
151	-57,4474253887	0,442002	0,02442	-1392,25446681	-0,889923522987
151,5	-57,9695840157	0,492063	0,02442	-1400,29616222	-0,884812822767
152	-58,4917426427	0,448107	0,030525	-1408,22155847	-0,879833143121
152,5	-58,8177577527	0,454212	0,032967	-1413,11059426	-0,876789123957
153	-59,2747133577	0,448107	0,00732601	-1419,88621875	-0,87260513106
153,5	-59,8620750067	0,493284	0,013431	-1428,46276011	-0,867365978726
154	-60,1228870947	0,484737	0,032967	-1432,22301233	-0,865088739209
154,5	-60,6450457217	0,509158	0,025641	-1439,66196148	-0,860618696019
155	-60,9063922607	0,421245	0,00976801	-1443,3403819	-0,85842536905
155,5	-61,4280164367	0,490842	0,02442	-1450,59231935	-0,854133848271
156	-61,9501750637	0,489621	0,014652	-1457,73127211	-0,849950895415
156,5	-62,2767246247	0,5116	0,010989	-1462,13436211	-0,847391342481
157	-62,7331457787	0,494505	0,02442	-1468,2089844	-0,843885314124
157,5	-63,0596953397	0,474969	0,021978	-1472,49796082	-0,841427311252
158	-63,5818539667	0,498168	0,019536	-1479,25666494	-0,83758284101
158,5	-64,1692156157	0,461538	0,014652	-1486,71248775	-0,833382385774
159	-64,3648246817	0,465201	0,017094	-1489,16085855	-0,832012198605
159,5	-64,9521863307	0,460317	0,020757	-1496,40823917	-0,827982610339
160	-65,4086074847	0,481074	0,02442	-1501,9314209	-0,824937798594
160,5	-65,7351570457	0,454212	0,018315	-1505,82455025	-0,822805020542
161	-66,1921126507	0,460317	0,031746	-1511,19024132	-0,819883536911
161,5	-66,7794742997	0,407814	0,015873	-1517,94596486	-0,816234588504
162	-67,0402863877	0,42735	0,013431	-1520,89467474	-0,814652073268
162,5	-67,5624450147	0,489621	0,017094	-1526,70337166	-0,811552540594
163	-67,8232571027	0,462759	0,014652	-1529,55729287	-0,810038307017
163,5	-68,4106187517	0,482295	0,025641	-1535,86831513	-0,806709786115
164	-68,6062278177	0,448107	0,026862	-1537,93428037	-0,80562610237
164,5	-69,1935894667	0,461538	0,021978	-1544,03000108	-0,802445547776
