Vernier Format 2
Bandlücke-Ge.cmbl 07.09.2016 13:57:13 ,
Latest
Time	Potential	Pyro	Sample	Wellenlänge	Energie
t	Pot	Pot	Pot	Lambda	E
s	°	V	V	nm	eV

0	68,7805301038	0,00610501	0,0793651	3081,36866639	0,402094047854
0,5	68,7805301038	0,00488401	0,043956	3081,36866639	0,402094047854
1	68,7805301038	0,0940171	0,0720391	3081,36866639	0,402094047854
1,5	68,7805301038	0,00488401	0,0793651	3081,36866639	0,402094047854
2	68,5195042354	0,021978	0,0610501	3075,88624668	0,402810735065
2,5	67,9974524986	0,00732601	0,0671551	3064,73000303	0,404277048476
3	67,7364266302	0,00610501	0,043956	3059,05641064	0,405026855892
3,5	67,4754007618	0,00610501	0,0695971	3053,31932779	0,405787887538
4	66,953349025	0,00732601	0,0744811	3041,65516825	0,407344005636
4,5	66,3660408211	0,00732601	0,0622711	3028,23120237	0,409149736992
5	66,1050149527	0,00610501	0,0634921	3022,16277858	0,409971298959
5,5	65,5829632159	0,017094	0,047619	3009,83788401	0,411650078093
6	65,3219373475	0,136752	0,0598291	3003,58166903	0,412507511541
6,5	64,7998856107	0,04884	0,0793651	2990,88235291	0,414259022524
7	64,5388597423	0,003663	0,045177	2984,43951534	0,415153329002
7,5	63,9515515384	0,0549451	0,0708181	2969,71686188	0,417211491069
8	63,4294998016	0,00976801	0,0720391	2956,3680578	0,419095314175
8,5	63,1684739332	0,01221	0,0512821	2949,6015474	0,420056736508
9	62,6464221964	0,00488401	0,0683761	2935,88501206	0,422019253107
9,5	62,385396328	0,039072	0,0610501	2928,93527182	0,423020615007
10	61,8633445912	0,00610501	0,0769231	2914,85356736	0,4250642344
10,5	61,3412928544	0,00488401	0,0573871	2900,52987395	0,427163330097
11	61,080266986	0,00732601	0,0500611	2893,2776522	0,428234047658
11,5	60,5582152492	0,00976801	0,0781441	2878,59321123	0,430418579175
12	60,2971893808	0,021978	0,0561661	2871,16129678	0,43153270469
12,5	59,7098811769	0,0671551	0,0695971	2854,22184766	0,434093797234
13	59,1878294401	0,010989	0,0720391	2838,9127389	0,4364346896
13,5	58,9268035717	0,00610501	0,0634921	2831,16972266	0,437628302565
14	58,4047518349	0,039072	0,0671551	2815,50756999	0,440062748616
14,5	58,0784694994	0,00610501	0,045177	2805,59994446	0,441616775209
15	57,5564177626	0,042735	0,0720391	2789,55863105	0,44415628559
15,5	57,2953918942	0,00488401	0,0683761	2781,4510452	0,445450946238
16	56,7733401574	0,00976801	0,0573871	2765,06285659	0,448091079394
16,5	56,2512884206	0,00610501	0,0708181	2748,44511452	0,450800342875
17	55,9902625522	0,025641	0,0769231	2740,05059133	0,452181431949
17,5	55,4682108154	0,00488401	0,0695971	2723,09111175	0,454997629222
18	54,9461590786	0,00488401	0,0537241	2705,90556317	0,45788737673
18,5	54,6851332102	0,01221	0,0598291	2697,22845814	0,459360420976
19	54,0978250063	0,00610501	0,0671551	2677,50056839	0,462744999806
19,5	53,8367991379	0,0561661	0,0647131	2668,64219035	0,464281050671
20	53,3147474011	0,026862	0,0683761	2650,7594569	0,467413215021
20,5	53,0537215327	0,037851	0,0598291	2641,73547265	0,469009865986
21	52,5316697959	0,041514	0,0659341	2623,52320555	0,472265691182
21,5	51,944361592	0,00610501	0,0659341	2602,77413849	0,476030548206
22	51,6833357236	0,010989	0,03663	2593,46441778	0,477739347996
22,5	51,1612839868	0,0952381	0,0622711	2574,68368926	0,481224161698
23	50,9002581184	0,017094	0,045177	2565,21307124	0,483000813419
23,5	50,3782063816	0,0573871	0,0610501	2546,11231048	0,486624252552
24	49,8561546448	0,0622711	0,0818071	2526,80017338	0,490343483847
24,5	49,5951287764	0,140415	0,0634921	2517,06533905	0,492239903661
25	49,0730770396	0,0915751	0,0634921	2497,43914903	0,496108183649
25,5	48,4857688357	0,214896	0,0634921	2475,11193633	0,50058342082
26	48,2247429673	0,0793651	0,0561661	2465,10511335	0,502615484138
26,5	47,7026912305	0,184371	0,0671551	2444,93818697	0,506761277893
27	47,4416653621	0,0854701	0,0793651	2434,77850213	0,508875858283
27,5	46,9195601802	0,0769231	0,0525031	2414,30563746	0,513191031316
28	46,6585343118	0,290598	0,0720391	2403,99497825	0,515392091584
28,5	46,136482575	0,262515	0,0866911	2383,2241907	0,519883947484
29	45,6144308382	0,0915751	0,0671551	2362,25554965	0,524498714876
29,5	45,2881485027	0,206349	0,0586081	2349,05044934	0,527447165023
30	44,7660967659	0,166056	0,0622711	2327,76401641	0,532270449782
30,5	44,5050708975	0,260073	0,0671551	2317,0482204	0,534732073804
31	43,9830191607	0,227106	0,0805861	2295,47258134	0,53975813524
31,5	43,4609674239	0,347985	0,0525031	2273,70637386	0,544925243753
32	43,1999415555	0,271062	0,0781441	2262,75237104	0,547563231335
32,5	42,6778898187	0,278388	0,0512821	2240,70370399	0,55295128838
33	42,1558380819	0,382173	0,0769231	2218,46901539	0,558493263329
33,5	41,8948122135	0,313797	0,0781441	2207,28248926	0,561323711863
34	41,3075040096	0,229548	0,0647131	2181,94566067	0,567841822247
34,5	41,0464781412	0,311355	0,0573871	2170,61109944	0,570806995469
35	40,5244264044	0,352869	0,0598291	2147,80706056	0,576867458327
35,5	40,0676311347	0,416361	0,0659341	2127,70719209	0,582316967583
36	39,7413487992	0,573871	0,0586081	2113,2672679	0,586295930865
36,5	39,1540405953	0,566545	0,0744811	2087,10301915	0,593645828037
37	38,958271194	0,643468	0,0695971	2078,33273445	0,596150933613
37,5	38,3709629901	0,505495	0,0610501	2051,87670846	0,603837450316
38	37,8489112533	0,62149	0,0537241	2028,17916246	0,610892776601
38,5	37,5878853849	0,782662	0,0830281	2016,26712423	0,61450191054
39	37,0658336481	0,545788	0,043956	1992,31775348	0,621888751347
39,5	36,6742948455	0,737485	0,0769231	1974,24707194	0,627581024487
40	36,2827560429	0,80464	0,0830281	1956,08419608	0,633408317742
40,5	35,695447839	0,710623	0,0769231	1928,6688745	0,642411984963
41	35,4344219706	0,738706	0,0708181	1916,41906785	0,64651830113
41,5	34,9123702338	0,778999	0,0964591	1891,80038426	0,654931677946
42	34,6513443654	0,714286	0,108669	1879,43201826	0,659241721946
42,5	34,1292926286	0,708181	0,130647	1854,5785214	0,668076323382
43	33,6072408918	0,760684	0,166056	1829,57105882	0,67720791386
43,5	33,3462150234	0,637363	0,179487	1817,01023866	0,681889388202
44	32,8241632866	0,770452	0,252747	1791,77572413	0,691492793051
44,5	32,5631374182	0,57265	0,283272	1779,10255349	0,69641853842
45	31,9758292143	0,766789	0,373626	1750,45331398	0,707816649609
45,5	31,4537774775	0,449328	0,404151	1724,83282565	0,718330484888
46	31,1927516091	0,45177	0,454212	1711,96875021	0,723728163759
46,5	30,6706998723	0,532357	0,501832	1686,13427172	0,734816924595
47	30,1486481355	0,285714	0,537241	1660,15981163	0,746313693008
47,5	29,8876222671	0,03663	0,533578	1647,1207619	0,752221712372
48	29,3655705303	0,0647131	0,531136	1620,94037619	0,764371113336
48,5	29,1045446619	0,0659341	0,518926	1607,79958358	0,770618435687
49	28,5824929251	0,023199	0,496947	1581,41816254	0,783473991477
49,5	27,9951847212	0,00610501	0,411477	1551,582243	0,798539687851
50	27,7994153199	0,031746	0,310134	1541,6005531	0,803710142366
50,5	27,212107116	0,00488401	0,206349	1511,54796467	0,819689503053
51	26,9510812476	0,0915751	0,156288	1498,14009116	0,827025461313
51,5	26,4290295108	0,003663	0,112332	1471,23134172	0,842151716637
52	26,1680036424	0,0573871	0,125763	1457,73102428	0,84995103991
52,5	25,6459519056	0,00488401	0,115995	1430,63990496	0,866046022973
53	25,1239001688	0,00854701	0,108669	1403,43001499	0,882837039803
53,5	24,7976178333	0,03663	0,115995	1386,36452385	0,893704345924
54	24,2755660965	0,0683761	0,115995	1358,96645377	0,911722284656
54,5	24,0145402281	0,0586081	0,124542	1345,22496856	0,921035536033
55	23,4924884913	0,015873	0,111111	1317,6585238	0,940304318319
55,5	22,9051802874	0,102564	0,106227	1286,51563133	0,963066417407
56	22,7094108861	0,00610501	0,0976801	1276,10446615	0,970923645251
56,5	22,1221026822	0,02442	0,105006	1244,78206924	0,995354954587
57	21,8610768138	0,00610501	0,0940171	1230,81882566	1,00664693631
57,5	21,339025077	0,101343	0,105006	1202,81599219	1,03008274586
58	20,8169733402	0,00610501	0,0915751	1174,71330184	1,05472543646
58,5	20,556054362	0,032967	0,0952381	1160,63101311	1,06752274065
59	20,033895735	0,00488401	0,100122	1132,37714045	1,09415843516
59,5	19,446534086	0,025641	0,0915751	1100,48286889	1,12586941153
60	19,185721998	0,00854701	0,107448	1086,28325776	1,14058648254
60,5	18,663563371	0,047619	0,0866911	1057,78759194	1,17131266186
61	18,402216832	0,019536	0,0805861	1043,4920378	1,18735932342
61,5	17,880592656	0,034188	0,0818071	1014,89478299	1,22081620752
62	17,358434029	0,00732601	0,0683761	986,183981348	1,25635786368
62,5	17,031884468	0,021978	0,0525031	968,186930534	1,27971155252
63	16,510260292	0,025641	0,0818071	939,373777513	1,31896379233
63,5	16,248913753	0,00610501	0,0573871	924,908252994	1,3395923282
64	15,726755126	0,00976801	0,0695971	895,949453612	1,38289051353
64,5	15,20513095	0,030525	0,0695971	866,94599663	1,4291547626
65	14,943784411	0,0830281	0,0683761	852,387381479	1,45356445546
65,5	14,421625784	0,037851	0,0732601	823,247111987	1,5050159083
66	13,900001608	0,00610501	0,0500611	794,06839953	1,56031898604
66,5	13,573452047	0,0549451	0,0830281	775,76815676	1,59712665337
67	13,05129342	0,00610501	0,0573871	746,453624035	1,65984859622
67,5	12,529134793	0,041514	0,0598291	717,077095909	1,72784768482
68	12,268322705	0,0781441	0,0769231	702,381410387	1,76399884974
68,5	11,746164078	0,00488401	0,0586081	672,916494596	1,84123886091
69	11,48535199	0,034188	0,0573871	658,178033533	1,88246938803
69,5	10,897990341	0,020757	0,0744811	624,936820506	1,98260041551
70	10,375831714	0,00488401	0,0695971	595,330462591	2,08119704577
70,5	10,115019626	0,0525031	0,0671551	580,523765258	2,13427954917
71	9,592860999	0,00488401	0,0561661	550,844188572	2,24927488699
71,5	9,332048911	0,0586081	0,0757021	536,002302589	2,31155723402
72	8,809890284	0,046398	0,0659341	506,255049515	2,44738299635
72,5	8,287731657	0,018315	0,0818071	476,465750313	2,60039677393
73	8,026919569	0,010989	0,0769231	461,571372029	2,68430859252
73,5	7,43955792	0,00732601	0,0695971	427,993948621	2,89490074332
74	6,982602315	0,0927961	0,0671551	401,840097092	3,083315998
74,5	6,656052754	0,018315	0,0757021	383,134278659	3,23385316588
75	6,134428578	0,00488401	0,0561661	353,228386784	3,50764560935
75,5	5,612269951	0,031746	0,0769231	323,262532721	3,83279803437
76	5,350923412	0,00976801	0,04884	308,254032608	4,01941213719
76,5	4,829299236	0,00732601	0,0671551	278,279551874	4,45235732074
77	4,502749675	0,00610501	0,04884	259,502892991	4,77451324616
77,5	3,980591048	0,101343	0,0854701	229,461414892	5,39960062821
78	3,458966872	0,015873	0,0610501	199,431656373	6,21265461327
78,5	3,197620333	0,0903541	0,0769231	184,379637668	6,71983097305
79	2,675461706	0,0537241	0,0683761	154,295204585	8,03006161686
79,5	2,414649618	0,240537	0,0891331	139,263429258	8,89680806079
80	1,892490991	0,032967	0,0634921	109,160716696	11,3502369488
80,5	1,305129342	0,145299	0,0903541	75,2883058842	16,4567390041
81	1,044317254	0,202686	0,126984	60,2448511716	20,5660728827
81,5	0,522158627	0,53602	0,245421	30,1236765205	41,1304376861
82	0	2,45543	2,14164	0	 
82,5	-0,260812088	4,99878	5	-15,0465781602	-82,3443035893
83	-0,782970715	4,99878	4,99878	-45,1693177516	-27,4301242896
83,5	-1,370332364	4,99756	4,90965	-79,0489379812	-15,6738348628
84	-1,631144452	4,99878	1,82051	-94,0903939366	-13,1681880388
84,5	-2,153303079	3,06716	0,290598	-124,197956783	-9,97600952621
85	-2,414115167	0,555556	0,0964591	-139,232623371	-8,89877652235
85,5	-2,936273794	0,284493	0,0879121	-169,323782769	-7,31734183903
86	-3,458432421	0,197802	0,0757021	-199,400879276	-6,21361352315
86,5	-3,784981982	0,131868	0,0830281	-218,202350528	-5,6782156425
87	-4,241403136	0,155067	0,0793651	-244,469317706	-5,06812066082
87,5	-4,828764785	0,035409	0,0659341	-278,248828063	-4,45284894324
88	-5,090111324	0,177045	0,0659341	-293,269830654	-4,22477824343
88,5	-5,6117355	0,0561661	0,0805861	-323,231847249	-3,83316189462
89	-6,133894127	0,01221	0,046398	-353,197730064	-3,50795006462
89,5	-6,460443688	0,0598291	0,0732601	-371,923157469	-3,3313333013
90	-6,916864842	0,125763	0,0732601	-398,075471124	-3,11247512061
90,5	-7,373820447	0,00488401	0,0598291	-424,23310213	-2,92056417517
91	-7,76557303	0,025641	0,0598291	-446,63687908	-2,77406559564
91,5	-8,287197206	0,0512821	0,0757021	-476,435239035	-2,60056330533
92	-8,548543745	0,0842491	0,0695971	-491,350255779	-2,52162278421
92,5	-9,135905394	0,0842491	0,0866911	-524,833140553	-2,36075031141
93	-9,396717482	0,032967	0,0586081	-539,683407834	-2,29579042456
93,5	-9,918876109	0,045177	0,0634921	-569,380459084	-2,17604938883
94	-10,441034736	0,0732601	0,0659341	-599,030221434	-2,06834305794
94,5	-10,701846824	0,00610501	0,0659341	-613,821451101	-2,01850228235
95	-11,224005451	0,0500611	0,0549451	-643,395690901	-1,9257200779
95,5	-11,8113671	0,115995	0,0781441	-676,598943119	-1,83121775847
96	-12,072179188	0,00610501	0,042735	-691,31992717	-1,7922237611
96,5	-12,594337815	0,030525	0,0573871	-720,748707535	-1,71904574652
97	-13,116496442	0,00610501	0,0573871	-750,117627375	-1,65174094673
97,5	-13,37730853	0,014652	0,0683761	-764,763878823	-1,62010789776
98	-13,899467157	0,00854701	0,0757021	-794,038469144	-1,56037780051
98,5	-14,226016718	0,00610501	0,0634921	-812,312961149	-1,52527419758
99	-14,747640894	0,00854701	0,0598291	-841,44931075	-1,4724594627
99,5	-15,269799521	0,0879121	0,0793651	-870,545663006	-1,42324527323
100	-15,53114606	0,00488401	0,0586081	-885,081730518	-1,39987072072
100,5	-16,052770236	0,00732601	0,0537241	-914,039056778	-1,35552194495
101	-16,314116775	0,00610501	0,0598291	-928,519052029	-1,33438295886
101,5	-16,836275402	0,00488401	0,0622711	-957,391273918	-1,29414173051
102	-17,357899578	0,00976801	0,0720391	-986,154552285	-1,25639535621
102,5	-17,684449139	0,00732601	0,0757021	-1004,11962211	-1,23391672936
103	-18,206607766	0,0732601	0,0830281	-1032,77807542	-1,19967690009
103,5	-18,728231942	0,010989	0,0793651	-1061,32155249	-1,16741245582
104	-18,989578481	0,00610501	0,0842491	-1075,58960669	-1,15192634095
104,5	-19,511737108	0,020757	0,0805861	-1104,02922018	-1,12225290541
105	-19,837752218	0,0622711	0,0964591	-1121,73943808	-1,1045345808
105,5	-20,359910845	0,00610501	0,0866911	-1150,02891436	-1,07736421627
106	-20,882069472	0,0525031	0,0891331	-1178,22287699	-1,05158372341
106,5	-21,14288156	0,00488401	0,0915751	-1192,26892981	-1,03919507506
107	-21,665040187	0,043956	0,0940171	-1220,31528529	-1,015311383
107,5	-22,187198814	0,00488401	0,0915751	-1248,26028961	-0,992581443397
108	-22,448010902	0,00610501	0,0879121	-1262,17981103	-0,981635096024
108,5	-23,035372551	0,0671551	0,10989	-1293,43104656	-0,957917318668
109	-23,230981617	0,00610501	0,0781441	-1303,80863642	-0,950292830861
109,5	-23,818343266	0,111111	0,118437	-1334,87795078	-0,928174743824
110	-24,340501893	0,003663	0,0805861	-1362,38057362	-0,909437512537
110,5	-24,601313981	0,0622711	0,0927961	-1376,07557894	-0,900386591379
111	-25,123472608	0,017094	0,102564	-1403,407682	-0,882851088738
111,5	-25,384819147	0,00610501	0,0866911	-1417,0440941	-0,874355290114
112	-25,906443323	0,019536	0,0805861	-1444,17271704	-0,857930623798
112,5	-26,493804972	0,00610501	0,101343	-1474,57682522	-0,840241063614
113	-26,755151511	0,017094	0,0854701	-1488,05550583	-0,832630231294
113,5	-27,277310138	0,00732601	0,0830281	-1514,89230156	-0,817879923689
114	-27,798934314	0,010989	0,100122	-1541,57600585	-0,803722940225
114,5	-28,060280853	0,025641	0,0964591	-1554,89729068	-0,79683719782
115	-28,647642502	0,00488401	0,108669	-1584,71765326	-0,781842744955
115,5	-29,169266678	0,0537241	0,139194	-1611,06099779	-0,769058404182
116	-29,365410195	0,00610501	0,218559	-1620,93231475	-0,76437491481
116,5	-30,017974866	0,019536	0,258852	-1653,63656767	-0,749257741528
117	-30,213583932	0,045177	0,312576	-1663,39821398	-0,744860725224
117,5	-30,800945581	0,00854701	0,322344	-1692,59285648	-0,732013014977
118	-31,323104208	0,00854701	0,338217	-1718,39734432	-0,721020667363
118,5	-31,583916296	0,04884	0,345543	-1731,23306929	-0,715674868957
119	-32,106074923	0,258852	0,349206	-1756,82275355	-0,705250428647
119,5	-32,366887011	0,141636	0,307692	-1769,54999041	-0,700178015155
120	-32,889045638	0,34188	0,29304	-1794,92009244	-0,69028142546
120,5	-33,476407287	0,429792	0,266178	-1823,27994802	-0,679544576437
121	-33,672016353	0,400488	0,228327	-1832,68224668	-0,676058275921
121,5	-34,259378002	0,692308	0,192918	-1860,78602388	-0,66584764938
122	-34,781536629	0,677656	0,177045	-1885,60589866	-0,657083222364
122,5	-35,042883168	0,680098	0,128205	-1897,9698592	-0,652802779766
123	-35,564507344	0,76801	0,10989	-1922,5288937	-0,644463656208
123,5	-35,825853883	0,775336	0,0940171	-1934,77378274	-0,640384943734
124	-36,34801251	0,74359	0,0744811	-1959,1177085	-0,632427543596
124,5	-36,934839708	0,973138	0,0854701	-1986,28230797	-0,623778399992
125	-37,130983225	0,843712	0,0683761	-1995,31559468	-0,62095440105
125,5	-37,718344874	0,918193	0,0891331	-2022,22595076	-0,612691178024
126	-37,979156962	0,827839	0,0586081	-2034,10725958	-0,60911242225
126,5	-38,501315589	0,855922	0,0647131	-2057,76731609	-0,60210889264
127	-39,023474216	0,860806	0,0647131	-2081,25646832	-0,595313465138
127,5	-39,349489326	0,79243	0,0720391	-2095,83463179	-0,591172595969
128	-39,806444931	0,67033	0,043956	-2116,1536444	-0,585496239026
128,5	-40,39380658	0,881563	0,0720391	-2142,07341915	-0,578411546925
129	-40,654618668	0,655678	0,0500611	-2153,51082601	-0,575339573423
129,5	-41,176777295	0,608059	0,0586081	-2176,2747431	-0,56932149947
130	-41,698935922	0,606838	0,0671551	-2198,85791349	-0,563474334744
130,5	-42,024951032	0,660562	0,04884	-2212,86546019	-0,559907514619
131	-42,481906637	0,575092	0,0561661	-2232,37830068	-0,5550134579
131,5	-42,807921747	0,600733	0,0708181	-2246,21302377	-0,551595056607
132	-43,330080374	0,494505	0,0634921	-2268,21955719	-0,546243416371
132,5	-43,852239001	0,526252	0,0671551	-2290,03770759	-0,541039126077
133	-44,113051089	0,465201	0,0744811	-2300,86450366	-0,538493248094
133,5	-44,700412738	0,521368	0,047619	-2325,07205522	-0,532886710853
134	-44,961759277	0,583639	0,0830281	-2335,76480703	-0,530447242064
134,5	-45,483917904	0,3663	0,0549451	-2356,98267842	-0,525672085478
135	-46,00554208	0,503053	0,0830281	-2377,9833784	-0,521029714192
135,5	-46,266888619	0,452991	0,0671551	-2388,43124099	-0,518750541668
136	-46,789047246	0,429792	0,0634921	-2409,1565581	-0,514287872175
136,5	-47,375874444	0,46398	0,0781441	-2432,20979704	-0,509413292188
137	-47,572017961	0,347985	0,0610501	-2439,85843385	-0,507816348199
137,5	-48,15937961	0,380952	0,0732601	-2462,59129172	-0,503128555748
138	-48,681003786	0,321123	0,0537241	-2482,56299525	-0,499080991045
138,5	-48,942350325	0,344322	0,0830281	-2492,4920406	-0,497092861207
139	-49,464508952	0,263736	0,041514	-2512,17431083	-0,493198260431
139,5	-49,790524062	0,334554	0,0842491	-2524,35743974	-0,490817972327
140	-50,247479667	0,212454	0,0525031	-2541,29614361	-0,487546484149
140,5	-50,834841316	0,300366	0,0586081	-2562,83124827	-0,483449700731
141	-51,030450382	0,240537	0,0732601	-2569,94341294	-0,482111782602
141,5	-51,617812031	0,136752	0,0573871	-2591,11899732	-0,478171786507
142	-51,878624119	0,0720391	0,0512821	-2600,43463443	-0,476458813306
142,5	-52,465985768	0,177045	0,0757021	-2621,21629906	-0,472681327536
143	-52,988144395	0,00610501	0,0549451	-2639,45976565	-0,469414240037
143,5	-53,248956483	0,100122	0,0671551	-2648,49016269	-0,467813706637
144	-53,77111511	0,0866911	0,0818071	-2666,40435615	-0,464670708006
144,5	-54,228070715	0,0708181	0,046398	-2681,89991769	-0,461985919693
145	-54,554085825	0,153846	0,0720391	-2692,85102039	-0,460107146893
145,5	-55,076244452	0,0708181	0,0683761	-2710,20894537	-0,457160324157
146	-55,337590991	0,00610501	0,0622711	-2718,81235594	-0,455713685901
146,5	-55,92495264	0,021978	0,0634921	-2737,94134031	-0,452529782781
147	-56,185764728	0,041514	0,0549451	-2746,34324544	-0,451145355577
147,5	-56,707923355	0,00732601	0,0610501	-2762,99308706	-0,448426746272
148	-57,230081982	0,017094	0,0537241	-2779,41345311	-0,445777506982
148,5	-57,556097092	0,0598291	0,0744811	-2789,54870635	-0,444157865815
149	-58,013052697	0,010989	0,0683761	-2803,60259096	-0,441931393555
149,5	-58,339067807	0,00610501	0,0634921	-2813,52039189	-0,440373563161
150	-58,796023412	0,014652	0,0708181	-2827,26818207	-0,438232215769
150,5	-59,383385061	0,00488401	0,0659341	-2844,67506142	-0,435550624675
151	-59,578994127	0,020757	0,0695971	-2850,40580709	-0,434674949412
151,5	-60,166355776	0,00610501	0,0512821	-2867,41377997	-0,43209668889
152	-60,688514403	0,00854701	0,0757021	-2882,28073585	-0,429867911405
152,5	-60,949326491	0,00854701	0,0634921	-2889,61703561	-0,428776541919
153	-61,406282096	0,00488401	0,0744811	-2902,32615065	-0,426898954731
153,5	-61,798034679	0,00732601	0,0537241	-2913,07485815	-0,425323776537
154	-62,254455833	0,00488401	0,0818071	-2925,42611309	-0,423528044155
154,5	-62,841817482	0,003663	0,0500611	-2941,04748552	-0,421278475136
155	-63,103164021	0,00976801	0,0744811	-2947,898954	-0,420299345172
155,5	-63,624788197	0,01221	0,0561661	-2961,39035353	-0,418384559983
156	-64,146946824	0,015873	0,0659341	-2974,6497486	-0,416519625742
156,5	-64,473496385	0,00610501	0,0573871	-2982,81646491	-0,415379227846
157	-64,929917539	0,00732601	0,0586081	-2994,0687434	-0,413818153886
157,5	-65,2564671	0,030525	0,0769231	-3002,00270753	-0,412724477861
158	-65,713422705	0,019536	0,0500611	-3012,94130554	-0,411226065945
158,5	-66,300249903	0,00976801	0,0671551	-3026,70759067	-0,409355698522
159	-66,300249903	0,014652	0,0525031	-3026,70759067	-0,409355698522
159,5	-66,300249903	0,00610501	0,0769231	-3026,70759067	-0,409355698522
160	-66,300249903	0,021978	0,0757021	-3026,70759067	-0,409355698522
160,5	-66,300249903	0,017094	0,0598291	-3026,70759067	-0,409355698522
161	-66,235046881	0,00610501	0,0757021	-3025,19365625	-0,409560557367
161,5	-66,300249903	0,029304	0,0769231	-3026,70759067	-0,409355698522
162	-66,235046881	0,00488401	0,0573871	-3025,19365625	-0,409560557367
162,5	-66,300249903	0,0671551	0,0683761	-3026,70759067	-0,409355698522
