Vernier Format 2
Bandlücke-Ge_Lampenleistung.cmbl 07.09.2016 14:27:13 ,
Latest
Time	Potential	Pyro	Sample	Wellenlänge	Energie
t	Pot	Pot	Pot	Lambda	E
s	°	V	V	nm	eV

0	-68,649656905	0,0610501	0,018315	-3078,62787681	-0,402452017449
0,5	-68,649656905	0,108669	0,034188	-3078,62787681	-0,402452017449
1	-68,649656905	0,0866911	0,019536	-3078,62787681	-0,402452017449
1,5	-68,649656905	0,0610501	0,02442	-3078,62787681	-0,402452017449
2	-68,649656905	0,0793651	0,02442	-3078,62787681	-0,402452017449
2,5	-68,649656905	0,030525	0,019536	-3078,62787681	-0,402452017449
3	-68,388844817	0,0683761	0,00732601	-3073,11797724	-0,403173587599
3,5	-68,127498278	0,112332	0,018315	-3067,53291321	-0,403907646651
4	-67,86668619	0,106227	0,018315	-3061,89564322	-0,404651282856
4,5	-67,605339651	0,01221	0,021978	-3056,18318102	-0,405407636457
5	-67,279324541	0,0586081	0,030525	-3048,96808488	-0,406366995491
5,5	-67,083715475	0,0586081	0,015873	-3044,59162905	-0,406951128742
6	-66,757165914	0,117216	0,018315	-3037,20653525	-0,407940647309
6,5	-66,300210309	0,0879121	0,014652	-3026,70667254	-0,409355822697
7	-65,974195199	0,100122	0,019536	-3019,09783015	-0,410387496432
7,5	-65,713383111	0,112332	0,018315	-3012,94036603	-0,411226194176
8	-65,191224484	0,0537241	0,023199	-3000,42533657	-0,412941453632
8,5	-64,929877945	0,0952381	0,023199	-2994,06777551	-0,413818287661
9	-64,408253769	0,0634921	0,013431	-2981,19254143	-0,415605494373
9,5	-64,14690723	0,0952381	0,020757	-2974,64875253	-0,416519765215
10	-63,82089212	0,0927961	0,032967	-2966,39900305	-0,417678133901
10,5	-63,363936515	0,0720391	0,031746	-2954,67424152	-0,419335567553
11	-63,037386954	0,0915751	0,02442	-2946,18031072	-0,420544525226
11,5	-62,515762778	0,0708181	0,032967	-2932,4138496	-0,422518806535
12	-62,254416239	0,0781441	0,023199	-2925,42504968	-0,423528198111
12,5	-61,993604151	0,0818071	0,025641	-2918,38986202	-0,424549172173
13	-61,406242502	0,0989011	0,018315	-2902,32505742	-0,426899115532
13,5	-61,145430414	0,0805861	0,010989	-2895,09375289	-0,427965415201
14	-60,949286897	0,0989011	0,030525	-2889,61592643	-0,428776706506
14,5	-60,42712827	0,0976801	0,025641	-2874,86836818	-0,430976253979
15	-60,10111316	0,0720391	0,014652	-2865,53942272	-0,432379324527
15,5	-59,840301072	0,108669	0,017094	-2858,00945307	-0,433518510119
16	-59,318142445	0,101343	0,018315	-2842,75627593	-0,435844609857
16,5	-59,056795906	0,102564	0,015873	-2835,03314284	-0,437031927873
17	-58,53517173	0,112332	0,01221	-2819,4422708	-0,439448614653
17,5	-58,339028213	0,131868	0,025641	-2813,51919291	-0,440373750825
18	-57,816869586	0,135531	0,030525	-2797,59068069	-0,442881086412
18,5	-57,490854476	0,133089	0,02442	-2787,52764287	-0,444479897148
19	-57,164304915	0,0989011	0,00732601	-2777,3576362	-0,446107474188
19,5	-56,707883761	0,159951	0,017094	-2762,99183322	-0,448426949766
20	-56,3813342	0,225885	0,032967	-2752,60607396	-0,450118893408
20,5	-55,924913046	0,174603	0,018315	-2737,94006051	-0,452529994309
21	-55,598363485	0,179487	0,02442	-2727,34048811	-0,454288712906
21,5	-55,337551397	0,222222	0,025641	-2718,8110568	-0,455713903656
22	-54,81539277	0,192918	0,020757	-2701,56559675	-0,458622956071
22,5	-54,554046231	0,199023	0,013431	-2692,84969568	-0,460107373236
23	-54,032422055	0,210012	0,025641	-2675,2862131	-0,463128017456
23,5	-53,705872494	0,224664	0,030525	-2664,17809165	-0,465059000328
24	-53,445060406	0,2442	0,023199	-2655,24395989	-0,466623790023
24,5	-52,988104801	0,273504	0,00854701	-2639,45839058	-0,469414484585
25	-52,662089691	0,290598	0,010989	-2628,09349522	-0,471444414841
25,5	-52,139931064	0,296703	0,026862	-2609,71390974	-0,47476468412
26	-51,878584525	0,299145	0,014652	-2600,43322431	-0,476459071673
26,5	-51,356960349	0,28083	0,010989	-2581,74824336	-0,479907366331
27	-51,09561381	0,350427	0,019536	-2572,30604757	-0,481668968266
27,5	-50,834801722	0,361416	0,018315	-2562,82980564	-0,483449972867
28	-50,247440073	0,37851	0,02442	-2541,29468291	-0,487546764385
28,5	-49,986093534	0,39072	0,035409	-2531,62664326	-0,489408658776
29	-49,399266336	0,401709	0,02442	-2509,72642561	-0,493679305983
29,5	-49,203122819	0,384615	0,025641	-2502,34758914	-0,495135050533
30	-48,942310731	0,421245	0,015873	-2492,49054028	-0,497093160427
30,5	-48,420152104	0,374847	0,010989	-2472,60124484	-0,501091715691
31	-48,094136994	0,426129	0,015873	-2460,07891766	-0,503642379562
31,5	-47,637181389	0,422466	0,019536	-2442,39316523	-0,507289333118
32	-47,310631828	0,468864	0,025641	-2429,65933261	-0,509948034019
32,5	-46,789007652	0,432234	0,025641	-2409,15499411	-0,514288206043
33	-46,527661113	0,442002	0,00976801	-2398,80662515	-0,516506827608
33,5	-46,266849025	0,45177	0,010989	-2388,4296619	-0,518750884636
34	-45,679487376	0,457875	0,00732601	-2364,87933194	-0,523916794936
34,5	-45,48387831	0,493284	0,019536	-2356,98107692	-0,525672442657
35	-44,896516661	0,500611	0,015873	-2333,10000878	-0,531053103313
35,5	-44,635170122	0,515263	0,014652	-2322,39515966	-0,533500939687
36	-44,309155012	0,531136	0,031746	-2308,97375475	-0,536602028261
36,5	-43,852199407	0,554335	0,023199	-2290,03606036	-0,541039515248
37	-43,591387319	0,551893	0,00854701	-2279,16180538	-0,54362090356
37,5	-43,069228692	0,568987	0,021978	-2257,24931811	-0,548898161165
38	-42,742679131	0,590965	0,029304	-2243,45020524	-0,552274348281
38,5	-42,221054955	0,588523	0,025641	-2221,25676997	-0,55779233484
39	-41,959708416	0,555556	0,02442	-2210,06796935	-0,560616242207
39,5	-41,698896328	0,531136	0,025641	-2198,85620796	-0,563474771799
40	-41,176737701	0,577534	0,018315	-2176,2730238	-0,569321949247
40,5	-40,915925613	0,590965	0,017094	-2164,92518387	-0,572306151377
41	-40,328563964	0,594628	0,00732601	-2139,20538151	-0,579187024636
41,5	-40,132420447	0,59707	0,021978	-2130,56630642	-0,581535527087
42	-39,545058798	0,592186	0,031746	-2104,54722785	-0,58872520588
42,5	-39,28424671	0,638584	0,025641	-2092,92264445	-0,591995123798
43	-39,023434622	0,654457	0,021978	-2081,25469373	-0,595313972737
43,5	-38,501275995	0,590965	0,01221	-2057,76552846	-0,602109415706
44	-38,174726434	0,634921	0,018315	-2042,9887989	-0,606464411683
44,5	-37,653102258	0,642247	0,015873	-2019,24725818	-0,613594989411
45	-37,391755719	0,656899	0,017094	-2007,28910657	-0,617250398035
45,5	-37,130943631	0,681319	0,032967	-1995,31377356	-0,620954967795
46	-36,608785004	0,661783	0,020757	-1971,21457163	-0,628546489981
46,5	-36,347972916	0,714286	0,021978	-1959,1158687	-0,632428137506
47	-35,825814289	0,764347	0,00732601	-1934,77193069	-0,640385556741
47,5	-35,56446775	0,820513	0,021978	-1922,52703556	-0,644464279088
48	-34,977106101	0,837607	0,028083	-1894,86174138	-0,653873563933
48,5	-34,781497035	0,81685	0,014652	-1885,60402254	-0,657083876142
49	-34,194135386	0,842491	0,00976801	-1857,67392926	-0,666963120106
49,5	-33,99852632	0,887668	0,019536	-1848,32889048	-0,670335245195
50	-33,671976759	0,937729	0,017094	-1832,68034568	-0,676058977181
50,5	-33,150352583	0,929182	0,017094	-1807,5603669	-0,685454285615
51	-32,889006044	0,969475	0,01221	-1794,91817432	-0,690282163125
51,5	-32,366847417	0,96337	0,00732601	-1769,54806106	-0,700178778564
52	-32,106035329	1,01465	0,020757	-1756,82081865	-0,705251205384
52,5	-31,845223241	1,0757	0,014652	-1744,05717328	-0,710412490476
53	-31,257861592	1,03053	0,028083	-1715,18088646	-0,722372788656
53,5	-30,996515053	1,07326	0,018315	-1702,2742591	-0,727849812319
54	-30,735702965	1,07204	0,014652	-1689,35871662	-0,733414394357
54,5	-30,213544338	1,13431	0,019536	-1663,39624004	-0,744861609142
55	-29,887529228	1,15751	0,013431	-1647,1161082	-0,752223837672
55,5	-29,430573623	1,19048	0,021978	-1624,20759719	-0,762833520878
56	-29,104024062	1,221	0,031746	-1607,77334165	-0,770631013651
56,5	-28,647602908	1,21734	0,017094	-1584,71564865	-0,781843733959
57	-28,321053347	1,23932	0,013431	-1568,15707104	-0,790099424912
57,5	-28,125444281	1,21368	0,01221	-1558,21375523	-0,795141228755
58	-27,538082632	1,2381	0,01221	-1528,24796165	-0,810732309867
58,5	-27,277270544	1,26984	0,026862	-1514,89027134	-0,817881019796
59	-26,755111917	1,30281	0,019536	-1488,05346615	-0,832631372584
59,5	-26,493765378	1,37851	0,020757	-1474,57478087	-0,840242228524
60	-26,167750268	1,41148	0,02442	-1457,71790496	-0,84995868939
60,5	-25,645591641	1,45055	0,018315	-1430,62116828	-0,866057365477
61	-25,384779553	1,40537	0,029304	-1417,04203041	-0,87435656347
61,5	-25,123433014	1,3138	0,013431	-1403,40561387	-0,882852389756
62	-24,601274387	1,23077	0,00732601	-1376,07350205	-0,900387950319
62,5	-24,340462299	1,1978	0,015873	-1362,37849242	-0,909438901811
63	-23,75310065	1,19658	0,029304	-1331,43371765	-0,930575802292
63,5	-23,492288562	1,16117	0,01221	-1317,64794562	-0,940311867153
64	-22,970129935	1,11477	0,00976801	-1289,9663907	-0,960490140618
64,5	-22,709317847	1,03053	0,019536	-1276,09951471	-0,970927412568
65	-22,18715922	0,965812	0,020757	-1248,25817451	-0,992583125268
65,5	-21,925812681	0,838828	0,019536	-1234,28418109	-1,00382069136
66	-21,338451032	0,660562	0,00732601	-1202,78514505	-1,0301091638
66,5	-21,077638944	0,450549	0,00732601	-1188,75758992	-1,04226463873
67	-20,816826856	0,299145	0,025641	-1174,70540262	-1,05473252889
67,5	-20,294668229	0,208791	0,023199	-1146,49937758	-1,08068091813
68	-20,03332169	0,159951	0,03663	-1132,34602683	-1,09418849949
68,5	-19,511697514	0,113553	0,023199	-1104,02706712	-1,12225509401
69	-19,185147953	0,107448	0,010989	-1086,25197961	-1,14061932522
69,5	-18,989538887	0,100122	0,015873	-1075,58744677	-1,15192865417
70	-18,402177238	0,0854701	0,037851	-1043,48987037	-1,18736178968
70,5	-18,206568172	0,0683761	0,023199	-1032,77590554	-1,19967942063
71	-17,619206523	0,0952381	0,029304	-1000,5328991	-1,23834008968
71,5	-17,357859984	0,0525031	0,010989	-986,152372074	-1,25639813389
72	-16,836235808	0,0879121	0,00976801	-957,389087593	-1,29414468585
72,5	-16,574889269	0,156288	0,018315	-942,947987223	-1,31396430852
73	-16,314077181	0,0683761	0,028083	-928,516859765	-1,33438610938
73,5	-15,791918554	0,0854701	0,034188	-899,567515592	-1,37732852568
74	-15,465368993	0,0891331	0,021978	-881,424939103	-1,40567840214
74,5	-15,008947839	0,0842491	0,00976801	-856,019058082	-1,44739768151
75	-14,682398278	0,0805861	0,02442	-837,808821957	-1,4788576672
75,5	-14,160239651	0,0732601	0,041514	-808,634022729	-1,53221354182
76	-13,899427563	0,0598291	0,02442	-794,036251793	-1,56038215787
76,5	-13,638615475	0,0842491	0,025641	-779,422027681	-1,58963944564
77	-13,051253826	0,0573871	0,015873	-746,451398805	-1,65985354436
77,5	-12,855110309	0,0561661	0,00976801	-735,423545392	-1,68474344854
78	-12,268283111	0,103785	0,020757	-702,379178316	-1,7640044555
78,5	-12,006936572	0,115995	0,020757	-687,638777935	-1,80181810532
79	-11,746124484	0,102564	0,035409	-672,914258194	-1,84124498019
79,5	-11,223965857	0,0976801	0,031746	-643,393450354	-1,92572678401
80	-10,963153769	0,0781441	0,010989	-628,627989829	-1,97095900922
80,5	-10,440995142	0,123321	0,025641	-599,027975021	-2,06835081443
81	-10,179648603	0,164835	0,029304	-584,193983155	-2,12087086777
81,5	-9,658024427	0,107448	0,019536	-554,550636776	-2,23424141608
82	-9,331474866	0,0830281	0,02442	-535,969623372	-2,31169817462
82,5	-9,070662778	0,113553	0,020757	-521,116606813	-2,37758686597
83	-8,548504151	0,0964591	0,029304	-491,34799692	-2,52163437679
83,5	-8,287157612	0,133089	0,02442	-476,432978651	-2,60057564341
84	-7,700330414	0,161172	0,01221	-442,907166883	-2,7974259453
84,5	-7,504186897	0,181929	0,018315	-431,690828756	-2,87010961889
85	-6,916825248	0,17094	0,029304	-398,073203513	-3,11249285072
85,5	-6,65601316	0,179487	0,023199	-383,13200982	-3,23387231619
86	-6,133854533	0,216117	0,00854701	-353,195458906	-3,50797262184
86,5	-5,873042445	0,238095	0,023199	-338,231363406	-3,66317300537
87	-5,611695906	0,267399	0,019536	-323,22957396	-3,83318885342
87,5	-5,09007173	0,312576	0,01221	-293,267555426	-4,22481102009
88	-4,763522169	0,382173	0,026862	-274,498065982	-4,51369300387
88,5	-4,306566564	0,509158	0,026862	-248,218236263	-4,99157523095
89	-3,980551454	0,814408	0,020757	-229,459136167	-5,39965425086
89,5	-3,458392827	4,66422	0,00732601	-199,398599201	-6,21368457435
90	-3,197580739	4,99756	0,014652	-184,377356988	-6,71991409486
90,5	-2,675422112	4,99756	0,025641	-154,292922839	-8,03018036864
91	-2,414075573	5	0,026862	-139,230341163	-8,89892238756
91,5	-1,892451397	4,99756	0,00732601	-109,158433706	-11,3504743329
92	-1,565901836	4,77656	0,00854701	-90,3279171699	-13,7166895775
92,5	-1,239886726	1,12698	0,010989	-71,5252925836	-17,32254361
93	-0,782931121	0,571429	0,010989	-45,1670337292	-27,4315113857
93,5	-0,522119033	0,368742	0,017094	-30,1213923796	-41,1335566558
94	3,95940000146E-005	0,252747	0,018315	0,00228423566523	542413,385299
94,5	0,261386133	0,310134	0,00854701	15,0796953104	82,1634638165
95	0,783010309	0,241758	0,019536	45,171601774	27,4287373337
95,5	1,044356848	0,23199	0,020757	60,2471350278	20,5652932613
96	1,370371958	0,172161	0,031746	79,0512215635	15,6733820869
96,5	1,827327563	0,140415	0,014652	105,403324152	11,7548474867
97	2,153877124	0,172161	0,021978	124,231050885	9,97335200153
97,5	2,6755013	0,167277	0,029304	154,29748633	8,0299428686
98	2,936847839	0,106227	0,023199	169,356856776	7,31591282212
98,5	3,459006466	0,131868	0,025641	199,433936448	6,21258358567
99	3,719818554	0,0927961	0,00854701	214,451036846	5,77754259538
99,5	4,241977181	0,102564	0,00854701	244,502344488	5,06743607139
100	4,567992291	0,133089	0,00854701	263,255048553	4,70646244701
100,5	4,82933883	0,100122	0,020757	278,281828001	4,45232090396
101	5,350963006	0,111111	0,010989	308,256306889	4,0193824824
101,5	5,612309545	0,0610501	0,021978	323,264806007	3,83277108109
102	6,199671194	0,117216	0,028083	356,970546074	3,47087459632
102,5	6,460483282	0,039072	0,013431	371,925427199	3,33131297134
103	6,917438887	0,0866911	0,018315	398,108347567	3,11221808729
103,5	7,243453997	0,0708181	0,035409	416,773179208	2,9728400526
104	7,765612624	0,0549451	0,028083	446,639142367	2,77405153841
104,5	8,026959163	0,0708181	0,017094	461,573633885	2,68429543857
105	8,548583339	0,0769231	0,018315	491,352514637	2,52161119174
105,5	8,809929878	0,0647131	0,026862	506,257306801	2,44737208403
106	9,070741966	0,02442	0,00732601	521,121118154	2,37756628323
106,5	9,658103615	0,046398	0,019536	554,555140496	2,23422327109
107	9,853712681	0,106227	0,031746	565,676911084	2,19029621984
107,5	10,375871308	0,03663	0,026862	595,332709474	2,08118919099
108	10,702420869	0,017094	0,00854701	613,853992545	2,01839527811
108,5	11,224045045	0,0720391	0,015873	643,397931447	1,92571337184
109	11,485391584	0,0720391	0,021978	658,180272029	1,88246298568
109,5	12,007550211	0,0854701	0,020757	687,673405121	1,80172737636
110	12,268362299	0,0549451	0,021978	702,383642458	1,76399324401
110,5	12,660114882	0,0976801	0,017094	724,451698104	1,71025894927
111	13,116536036	0,046398	0,031746	750,119852016	1,65173604814
111,5	13,312679553	0,0769231	0,026862	761,13601733	1,62782994339
112	13,900041202	0,030525	0,015873	794,070616875	1,56031462904
112,5	14,095650268	0,0903541	0,017094	805,020474876	1,53909128857
113	14,683011917	0,115995	0,032967	837,843067618	1,47879722097
113,5	14,943824005	0,178266	0,025641	852,389588461	1,45356069193
114	15,465982632	0,340659	0,020757	881,459058949	1,40562399061
114,5	15,72679472	0,598291	0,02442	895,951652338	1,38288711982
115	16,314156369	0,815629	0,018315	928,521244292	1,33437980834
115,5	16,510299886	1,06227	0,00732601	939,375967567	1,3189607173
116	17,097127084	1,21734	0,015873	971,78516452	1,27497315789
116,5	17,293270601	1,31746	0,02442	982,595184079	1,26094654246
117	17,619285711	1,37851	0,032967	1000,53725326	1,23833470065
117,5	18,141444338	1,36386	0,00732601	1029,20624412	1,203840345
118	18,402256426	1,34554	0,00976801	1043,49420523	1,18735685717
118,5	18,924415053	1,38584	0,00854701	1072,03413198	1,15574678365
119	19,185761592	1,31624	0,014652	1086,28541512	1,14058421733
119,5	19,707385768	1,36874	0,017094	1114,66182743	1,1115478879
120	20,033935329	1,3956	0,030525	1132,37928647	1,09415636157
120,5	20,556093956	1,45177	0,030525	1160,63315191	1,06752077343
121	20,8170129342	1,49451	0,00732601	1174,71543696	1,05472351943
121,5	21,339064671	1,47741	0,00854701	1202,81811983	1,03008092377
122	21,6000905394	1,44689	0,018315	1216,83216036	1,01821766416
122,5	22,1873987433	1,39927	0,025641	1248,27096977	0,992572950912
123	22,4484246117	1,3956	0,02442	1262,20186999	0,981617940412
123,5	22,9052198814	1,32967	0,015873	1286,51773545	0,963064842294
124	23,2315022169	1,37729	0,014652	1303,83623543	0,950272715496
124,5	23,7535539537	1,37607	0,013431	1331,45765404	0,93055907279
125	24,0145798221	1,37729	0,020757	1345,22705507	0,92103410746
125,5	24,2756056905	1,31502	0,017094	1358,96853603	0,911720887682
126	24,7976574273	1,24908	0,019536	1386,36659747	0,893703009192
126,5	25,1239397628	1,25763	0,014652	1403,43208311	0,882835738835
127	25,6459914996	1,28571	0,023199	1430,64196417	0,866044776423
127,5	25,907017368	1,23443	0,013431	1444,20250644	0,857912927361
128	26,4290691048	1,12943	0,00976801	1471,23338722	0,842150545767
128,5	26,6900949732	1,10134	0,00732601	1484,70316471	0,834510243829
129	27,21214671	1,10256	0,010989	1511,54999608	0,819688401448
129,5	27,4731725784	1,05739	0,01221	1524,92649276	0,81249818
130	27,9952243152	1,01221	0,01221	1551,58425995	0,798538649806
130,5	28,3215066507	0,971917	0,010989	1568,18009246	0,790087825983
131	28,5825325191	0,930403	0,020757	1581,42016839	0,783472997729
131,5	29,1045842559	0,899878	0,037851	1607,8015794	0,770617479095
132	29,3656101243	0,875458	0,028083	1620,94236692	0,764370174587
132,5	29,8876618611	0,793651	0,00854701	1647,12274234	0,752220807928
133	30,1486877295	0,771673	0,00976801	1660,16178686	0,746312805055
133,5	30,6707394663	0,753358	0,029304	1686,13623642	0,734816068379
134	30,9317653347	0,705739	0,026862	1699,07110236	0,729221983871
134,5	31,1927912031	0,623932	0,019536	1711,97070421	0,723727337713
135	31,780099407	0,566545	0,01221	1740,86448849	0,711715362218
135,5	32,0411252754	0,527473	0,017094	1753,64763688	0,706527339897
136	32,5631770122	0,556777	0,014652	1779,10447864	0,696417784832
136,5	32,8242028806	0,529915	0,025641	1791,77764366	0,691492052255
137	33,3462546174	0,52381	0,026862	1817,01214683	0,681888672104
137,5	33,6072804858	0,526252	0,02442	1829,57296124	0,677207209685
138	34,1945886897	0,485958	0,014652	1857,69556032	0,666955353971
138,5	34,390358091	0,494505	0,017094	1867,02652978	0,66362206441
139	34,9124098278	0,465201	0,00732601	1891,80225739	0,654931029476
139,5	35,1734356962	0,462759	0,013431	1904,13135325	0,650690404256
140	35,7607439001	0,431013	0,018315	1931,72693506	0,641395001289
140,5	35,9565133014	0,47619	0,035409	1940,88050077	0,638370059108
141	36,5438215053	0,434676	0,015873	1968,20481716	0,629507655502
141,5	36,8048473737	0,428571	0,013431	1980,28274697	0,625668229395
142	37,2616426434	0,46398	0,029304	2001,32007548	0,619091376327
142,5	37,5879249789	0,443223	0,03663	2016,2689343	0,614501358882
143	37,8489508473	0,395604	0,01221	2028,18096616	0,610892233322
143,5	38,3710025841	0,406593	0,020757	2051,87849932	0,603836923292
144	38,6320284525	0,380952	0,019536	2063,66350878	0,60038857824
144,5	39,2193366564	0,380952	0,00854701	2090,02280739	0,592816497323
145	39,4803625248	0,382173	0,00976801	2101,66772583	0,589531820264
145,5	40,0024142616	0,367521	0,026862	2124,8264621	0,583106442854
146	40,26344013	0,361416	0,034188	2136,33979927	0,579963917924
146,5	40,7854918668	0,319902	0,01221	2159,23321687	0,573814810888
147	41,1117742023	0,296703	0,019536	2173,45069348	0,570061241195
147,5	41,6338259391	0,340659	0,030525	2196,0518584	0,564194326859
148	41,8948518075	0,324786	0,018315	2207,28418958	0,561323279462
148,5	42,4169035443	0,294261	0,013431	2229,61118373	0,555702271787
149	42,6779294127	0,286935	0,013431	2240,70538331	0,552950873966
149,5	42,9389552811	0,30525	0,029304	2251,75307722	0,55023795128
150	43,4610070179	0,262515	0,014652	2273,70803186	0,544924846391
150,5	43,7220328863	0,26862	0,039072	2284,61483691	0,542323362339
151	44,2440846231	0,217338	0,00976801	2306,28597062	0,537227393214
151,5	44,5051104915	0,221001	0,00854701	2317,04984949	0,53473169784
152	45,0271622283	0,235653	0,02442	2338,43311429	0,529841966585
152,5	45,3534445638	0,227106	0,031746	2351,69918263	0,526853098028
153	45,8754963006	0,20757	0,020757	2372,76608377	0,522175366747
153,5	46,136522169	0,211233	0,017094	2383,22577354	0,519883602198
154	46,5280609716	0,201465	0,013431	2398,82249627	0,516503410289
154,5	46,9195997742	0,18315	0,017094	2414,30719765	0,513190699678
155	47,1806256426	0,180708	0,00854701	2424,56774052	0,511018924856
155,5	47,7027308245	0,18315	0,014652	2444,93972421	0,506760959271
156	47,9637566929	0,177045	0,01221	2455,04865684	0,504674315332
156,5	48,5510648968	0,188034	0,032967	2477,60713554	0,500079283042
157	48,8120907652	0,0891331	0,014652	2487,54970493	0,498080499676
157,5	49,0731166336	0,107448	0,01221	2497,44064542	0,496107886396
158	49,5951683704	0,133089	0,029304	2517,06681965	0,492239614112
158,5	49,8561942388	0,163614	0,031746	2526,80164605	0,490343198066
159	50,3782459756	0,102564	0,02442	2546,11376718	0,486623974142
159,5	50,639271844	0,124542	0,019536	2555,69066109	0,484800456826
160	51,1613235808	0,126984	0,034188	2574,68512177	0,481223893952
160,5	51,4223494492	0,119658	0,013431	2584,10229432	0,479470183021
161	52,0096576531	0,120879	0,034188	2605,09454152	0,475606539515
161,5	52,2706835215	0,101343	0,041514	2614,33669848	0,473925183669
162	52,7927352583	0,04884	0,021978	2632,65804067	0,470627016825
162,5	53,0537611267	0,0708181	0,023199	2641,73684563	0,46900962223
163	53,3147869951	0,010989	0,00732601	2650,76082155	0,467412974391
163,5	53,8368387319	0,0757021	0,023199	2668,64353825	0,464280816168
164	54,1631210674	0,0610501	0,035409	2679,70782441	0,462363840085
164,5	54,6851728042	0,040293	0,023199	2697,22977859	0,459360196093
165	54,9461986726	0,034188	0,014652	2705,90687511	0,457887154726
165,5	55,4682504094	0,0598291	0,019536	2723,09240659	0,454997412868
166	55,7292762778	0,0781441	0,021978	2731,60048486	0,453580238716
166,5	56,2513280146	0,042735	0,02442	2748,44638353	0,450800134732
167	56,512353883	0,0830281	0,021978	2756,7838543	0,449436758731
167,5	56,7733797514	0,0695971	0,040293	2765,06410824	0,448090876558
168	57,2954314882	0,02442	0,015873	2781,45227939	0,445450748582
168,5	57,5564573566	0,031746	0,00732601	2789,55985647	0,444156090477
169	58,1437655605	0,0744811	0,02442	2807,58996423	0,441303757238
169,5	58,4047914289	0,0757021	0,032967	2815,50876674	0,440062561565
170	58,9268431657	0,032967	0,026862	2831,17090163	0,437628120326
170,5	59,1878690341	0,039072	0,01221	2838,91390894	0,436434509725
171	59,4488949025	0,040293	0,00854701	2846,59799482	0,435256401591
171,5	59,9709466393	0,0683761	0,017094	2861,78876557	0,432946000385
172	60,2319725077	0,0866911	0,018315	2869,29513516	0,431813369359
172,5	60,7540242445	0,0500611	0,014652	2884,12906381	0,429592425509
173	61,08030658	0,0695971	0,023199	2893,27875682	0,428233884163
173,5	61,6023583168	0,029304	0,032967	2907,72298178	0,426106615989
174	61,8633841852	0,04884	0,031746	2914,85464455	0,425064077317
174,5	62,385435922	0,00610501	0,00854701	2928,93633061	0,423020462088
175	62,6464617904	0,04884	0,021978	2935,88606162	0,422019102238
175,5	63,1685135272	0,0903541	0,032967	2949,60257843	0,420056589678
176	63,4295393956	0,034188	0,02442	2956,36907953	0,419095169334
176,5	63,690565264	0,0683761	0,023199	2963,07422143	0,418146798699
177	64,2126170008	0,034188	0,018315	2976,29987223	0,416288698448
177,5	64,4736428692	0,023199	0,00976801	2982,82010663	0,41537872071
178	65,0609510731	0,041514	0,013431	2997,26407811	0,413376989052
178,5	65,3219769415	0,0622711	0,018315	3003,58262274	0,412507380559
179	65,8440286783	0,042735	0,025641	3016,0325648	0,410804582967
179,5	66,1050545467	0,0500611	0,02442	3022,16370384	0,409971173443
180	66,4313368822	0,025641	0,010989	3029,73940613	0,408946062322
180,5	66,953388619	0,020757	0,021978	3041,65606249	0,407343885879
181	67,2144144874	0,0500611	0,021978	3047,51975817	0,406560120464
181,5	67,7364662242	0,019536	0,035409	3059,05727607	0,405026741308
182	67,9974920926	0,026862	0,02442	3064,73085881	0,404276935587
182,5	68,5195438294	0,0561661	0,030525	3075,88708313	0,402810625526
183	68,7805696978	0,00610501	0,017094	3081,36949315	0,402093939969
