Vernier Format 2
Bandlücke-Si_Fehler.cmbl 07.09.2016 12:08:56 ,
Latest
Time	Potential	Pyro	Sample	Wellenlänge	Energie
t	Pot	Pot	Pot	Lambda	E
s	°	V	V	nm	eV

0	-39,415316718	0,669109	3,58608	-1048,7554776	-1,1814002658
0,5	-39,415316718	0,648352	3,58974	-1048,7554776	-1,1814002658
1	-39,415316718	0,687424	3,61294	-1048,7554776	-1,1814002658
1,5	-39,415316718	0,632479	3,62027	-1048,7554776	-1,1814002658
2	-39,350113696	0,669109	3,62027	-1047,30261014	-1,18303915985
2,5	-39,415316718	0,59707	3,62882	-1048,7554776	-1,1814002658
3	-39,415316718	0,627595	3,62882	-1048,7554776	-1,1814002658
3,5	-39,415316718	0,67033	3,63248	-1048,7554776	-1,1814002658
4	-39,350113696	0,65812	3,61783	-1047,30261014	-1,18303915985
4,5	-39,415316718	0,638584	3,63858	-1048,7554776	-1,1814002658
5	-39,415316718	0,666667	3,63248	-1048,7554776	-1,1814002658
5,5	-39,415316718	0,642247	3,63492	-1048,7554776	-1,1814002658
6	-39,350113696	0,669109	3,62882	-1047,30261014	-1,18303915985
6,5	-39,415316718	0,661783	3,61905	-1048,7554776	-1,1814002658
7	-39,350113696	0,64591	3,5873	-1047,30261014	-1,18303915985
7,5	-39,415316718	0,641026	3,60073	-1048,7554776	-1,1814002658
8	-39,415316718	0,652015	3,62759	-1048,7554776	-1,1814002658
8,5	-39,415316718	0,6337	3,60317	-1048,7554776	-1,1814002658
9	-39,350113696	0,656899	3,64469	-1047,30261014	-1,18303915985
9,5	-39,415316718	0,695971	3,64225	-1048,7554776	-1,1814002658
10	-39,415316718	0,67033	3,64957	-1048,7554776	-1,1814002658
10,5	-39,415316718	0,656899	3,62271	-1048,7554776	-1,1814002658
11	-39,350113696	0,666667	3,64347	-1047,30261014	-1,18303915985
11,5	-39,415316718	0,636142	3,64835	-1048,7554776	-1,1814002658
12	-39,415316718	0,675214	3,6105	-1048,7554776	-1,1814002658
12,5	-39,415316718	0,638584	3,59219	-1048,7554776	-1,1814002658
13	-39,350113696	0,615385	3,59585	-1047,30261014	-1,18303915985
13,5	-39,415316718	0,688645	3,62759	-1048,7554776	-1,1814002658
14	-39,350113696	0,638584	3,60806	-1047,30261014	-1,18303915985
14,5	-39,415316718	0,649573	3,65079	-1048,7554776	-1,1814002658
15	-39,350113696	0,660562	3,63492	-1047,30261014	-1,18303915985
15,5	-39,48051974	0,655678	3,6337	-1050,20698687	-1,17976743203
16	-39,350113696	0,637363	3,6398	-1047,30261014	-1,18303915985
16,5	-39,415316718	0,652015	3,62393	-1048,7554776	-1,1814002658
17	-39,415316718	0,6337	3,64591	-1048,7554776	-1,1814002658
17,5	-39,415316718	0,625153	3,59585	-1048,7554776	-1,1814002658
18	-39,415316718	0,617827	3,6044	-1048,7554776	-1,1814002658
18,5	-39,415316718	0,620269	3,6044	-1048,7554776	-1,1814002658
19	-39,350113696	0,636142	3,61538	-1047,30261014	-1,18303915985
19,5	-39,415316718	0,680098	3,61538	-1048,7554776	-1,1814002658
20	-39,350113696	0,636142	3,62271	-1047,30261014	-1,18303915985
20,5	-39,415316718	0,647131	3,61416	-1048,7554776	-1,1814002658
21	-39,350113696	0,598291	3,62149	-1047,30261014	-1,18303915985
21,5	-39,415316718	0,628816	3,60806	-1048,7554776	-1,1814002658
22	-39,415316718	0,627595	3,61905	-1048,7554776	-1,1814002658
22,5	-39,415316718	0,60928	3,62515	-1048,7554776	-1,1814002658
23	-39,350113696	0,648352	3,59829	-1047,30261014	-1,18303915985
23,5	-39,415316718	0,62149	3,59829	-1048,7554776	-1,1814002658
24	-39,350113696	0,620269	3,59951	-1047,30261014	-1,18303915985
24,5	-39,415316718	0,653236	3,62027	-1048,7554776	-1,1814002658
25	-39,415316718	0,636142	3,62393	-1048,7554776	-1,1814002658
25,5	-39,415316718	0,653236	3,6337	-1048,7554776	-1,1814002658
26	-39,350113696	0,627595	3,60073	-1047,30261014	-1,18303915985
26,5	-39,415316718	0,643468	3,62515	-1048,7554776	-1,1814002658
27	-39,350113696	0,643468	3,63126	-1047,30261014	-1,18303915985
27,5	-39,415316718	0,634921	3,61294	-1048,7554776	-1,1814002658
28	-39,350113696	0,64591	3,62271	-1047,30261014	-1,18303915985
28,5	-39,415316718	0,60928	3,62759	-1048,7554776	-1,1814002658
29	-39,350113696	0,65812	3,59951	-1047,30261014	-1,18303915985
29,5	-39,415316718	0,663004	3,61172	-1048,7554776	-1,1814002658
30	-39,350113696	0,659341	3,59829	-1047,30261014	-1,18303915985
30,5	-39,415316718	0,676435	3,61294	-1048,7554776	-1,1814002658
31	-39,350113696	0,650794	3,63492	-1047,30261014	-1,18303915985
31,5	-39,415316718	0,643468	3,62149	-1048,7554776	-1,1814002658
32	-39,415316718	0,605617	3,61661	-1048,7554776	-1,1814002658
32,5	-39,415316718	0,611722	3,60928	-1048,7554776	-1,1814002658
33	-39,415316718	0,59707	3,61661	-1048,7554776	-1,1814002658
33,5	-39,415316718	0,639805	3,60928	-1048,7554776	-1,1814002658
34	-39,415316718	0,632479	3,59707	-1048,7554776	-1,1814002658
34,5	-39,415316718	0,643468	3,6105	-1048,7554776	-1,1814002658
35	-39,350113696	0,638584	3,59341	-1047,30261014	-1,18303915985
35,5	-39,415316718	0,637363	3,61783	-1048,7554776	-1,1814002658
36	-39,350113696	0,586081	3,60073	-1047,30261014	-1,18303915985
36,5	-39,415316718	0,644689	3,61661	-1048,7554776	-1,1814002658
37	-39,415316718	0,627595	3,61905	-1048,7554776	-1,1814002658
37,5	-39,415316718	0,612943	3,62882	-1048,7554776	-1,1814002658
38	-39,350113696	0,642247	3,61172	-1047,30261014	-1,18303915985
38,5	-39,415316718	0,647131	3,62271	-1048,7554776	-1,1814002658
39	-39,415316718	0,623932	3,64591	-1048,7554776	-1,1814002658
39,5	-39,415316718	0,67033	3,61294	-1048,7554776	-1,1814002658
40	-39,350113696	0,655678	3,59707	-1047,30261014	-1,18303915985
40,5	-39,415316718	0,643468	3,60317	-1048,7554776	-1,1814002658
41	-39,415316718	0,644689	3,61294	-1048,7554776	-1,1814002658
41,5	-39,415316718	0,59707	3,61538	-1048,7554776	-1,1814002658
42	-39,415316718	0,648352	3,63126	-1048,7554776	-1,1814002658
42,5	-39,415316718	0,650794	3,60928	-1048,7554776	-1,1814002658
43	-39,350113696	0,642247	3,62271	-1047,30261014	-1,18303915985
43,5	-39,415316718	0,642247	3,63858	-1048,7554776	-1,1814002658
44	-39,350113696	0,68254	3,63248	-1047,30261014	-1,18303915985
44,5	-39,415316718	0,683761	3,64103	-1048,7554776	-1,1814002658
45	-39,415316718	0,641026	3,65446	-1048,7554776	-1,1814002658
45,5	-39,415316718	0,632479	3,60073	-1048,7554776	-1,1814002658
46	-39,350113696	0,617827	3,58852	-1047,30261014	-1,18303915985
46,5	-39,415316718	0,650794	3,63492	-1048,7554776	-1,1814002658
47	-39,350113696	0,64591	3,64347	-1047,30261014	-1,18303915985
47,5	-39,415316718	0,64591	3,6044	-1048,7554776	-1,1814002658
48	-39,350113696	0,650794	3,60195	-1047,30261014	-1,18303915985
48,5	-39,415316718	0,606838	3,62393	-1048,7554776	-1,1814002658
49	-39,415316718	0,615385	3,62149	-1048,7554776	-1,1814002658
49,5	-39,415316718	0,638584	3,59951	-1048,7554776	-1,1814002658
50	-39,350113696	0,654457	3,63004	-1047,30261014	-1,18303915985
50,5	-39,415316718	0,626374	3,59829	-1048,7554776	-1,1814002658
51	-39,415316718	0,6337	3,62759	-1048,7554776	-1,1814002658
51,5	-39,415316718	0,619048	3,62759	-1048,7554776	-1,1814002658
52	-39,350113696	0,666667	3,61416	-1047,30261014	-1,18303915985
52,5	-39,415316718	0,648352	3,58852	-1048,7554776	-1,1814002658
53	-39,350113696	0,648352	3,60806	-1047,30261014	-1,18303915985
53,5	-39,415316718	0,655678	3,61538	-1048,7554776	-1,1814002658
54	-39,415316718	0,636142	3,61294	-1048,7554776	-1,1814002658
54,5	-39,415316718	0,649573	3,59829	-1048,7554776	-1,1814002658
55	-39,415316718	0,660562	3,60562	-1048,7554776	-1,1814002658
55,5	-39,415316718	0,671551	3,64103	-1048,7554776	-1,1814002658
56	-39,350113696	0,661783	3,64713	-1047,30261014	-1,18303915985
56,5	-39,415316718	0,644689	3,63126	-1048,7554776	-1,1814002658
57	-39,350113696	0,656899	3,62393	-1047,30261014	-1,18303915985
57,5	-39,415316718	0,620269	3,5873	-1048,7554776	-1,1814002658
58	-39,350113696	0,641026	3,6105	-1047,30261014	-1,18303915985
58,5	-39,48051974	0,641026	3,61172	-1050,20698687	-1,17976743203
59	-39,415316718	0,681319	3,61905	-1048,7554776	-1,1814002658
59,5	-39,415316718	0,663004	3,63248	-1048,7554776	-1,1814002658
60	-39,415316718	0,648352	3,61661	-1048,7554776	-1,1814002658
60,5	-39,415316718	0,620269	3,61783	-1048,7554776	-1,1814002658
61	-39,415316718	0,647131	3,63126	-1048,7554776	-1,1814002658
61,5	-39,415316718	0,634921	3,63248	-1048,7554776	-1,1814002658
62	-39,415316718	0,641026	3,63248	-1048,7554776	-1,1814002658
62,5	-39,415316718	0,628816	3,59219	-1048,7554776	-1,1814002658
63	-39,415316718	0,638584	3,58852	-1048,7554776	-1,1814002658
63,5	-39,415316718	0,664225	3,60684	-1048,7554776	-1,1814002658
64	-39,350113696	0,644689	3,63126	-1047,30261014	-1,18303915985
64,5	-39,415316718	0,6337	3,62759	-1048,7554776	-1,1814002658
65	-39,415316718	0,626374	3,6105	-1048,7554776	-1,1814002658
65,5	-39,415316718	0,628816	3,62759	-1048,7554776	-1,1814002658
66	-39,415316718	0,638584	3,62149	-1048,7554776	-1,1814002658
66,5	-39,415316718	0,611722	3,63858	-1048,7554776	-1,1814002658
67	-39,415316718	0,648352	3,62149	-1048,7554776	-1,1814002658
67,5	-39,48051974	0,647131	3,62759	-1050,20698687	-1,17976743203
68	-39,415316718	0,634921	3,61661	-1048,7554776	-1,1814002658
68,5	-39,415316718	0,643468	3,61416	-1048,7554776	-1,1814002658
69	-39,350113696	0,647131	3,62515	-1047,30261014	-1,18303915985
69,5	-39,415316718	0,641026	3,60684	-1048,7554776	-1,1814002658
70	-39,350113696	0,654457	3,63248	-1047,30261014	-1,18303915985
70,5	-39,415316718	0,625153	3,62393	-1048,7554776	-1,1814002658
71	-39,415316718	0,676435	3,61172	-1048,7554776	-1,1814002658
71,5	-39,415316718	0,628816	3,60806	-1048,7554776	-1,1814002658
72	-39,415316718	0,666667	3,64103	-1048,7554776	-1,1814002658
72,5	-39,415316718	0,638584	3,64713	-1048,7554776	-1,1814002658
73	-39,350113696	0,67033	3,64591	-1047,30261014	-1,18303915985
73,5	-39,415316718	0,70696	3,63492	-1048,7554776	-1,1814002658
74	-39,350113696	0,650794	3,63492	-1047,30261014	-1,18303915985
74,5	-39,415316718	0,59707	3,60684	-1048,7554776	-1,1814002658
75	-39,350113696	0,62149	3,60684	-1047,30261014	-1,18303915985
75,5	-39,415316718	0,692308	3,63004	-1048,7554776	-1,1814002658
76	-39,415316718	0,637363	3,60073	-1048,7554776	-1,1814002658
76,5	-39,415316718	0,636142	3,63126	-1048,7554776	-1,1814002658
77	-39,415316718	0,610501	3,59096	-1048,7554776	-1,1814002658
77,5	-39,415316718	0,628816	3,61294	-1048,7554776	-1,1814002658
78	-39,415316718	0,702076	3,63126	-1048,7554776	-1,1814002658
78,5	-39,415316718	0,64591	3,62515	-1048,7554776	-1,1814002658
79	-39,350113696	0,6337	3,61172	-1047,30261014	-1,18303915985
79,5	-39,415316718	0,630037	3,60684	-1048,7554776	-1,1814002658
80	-39,350113696	0,648352	3,62393	-1047,30261014	-1,18303915985
80,5	-39,415316718	0,617827	3,63004	-1048,7554776	-1,1814002658
81	-39,350113696	0,626374	3,61905	-1047,30261014	-1,18303915985
81,5	-39,415316718	0,650794	3,60684	-1048,7554776	-1,1814002658
82	-39,350113696	0,652015	3,61783	-1047,30261014	-1,18303915985
82,5	-39,415316718	0,625153	3,6044	-1048,7554776	-1,1814002658
83	-39,350113696	0,581197	3,62271	-1047,30261014	-1,18303915985
83,5	-39,415316718	0,626374	3,62759	-1048,7554776	-1,1814002658
84	-39,350113696	0,683761	3,64713	-1047,30261014	-1,18303915985
84,5	-39,415316718	0,673993	3,63736	-1048,7554776	-1,1814002658
85	-39,415316718	0,612943	3,62637	-1048,7554776	-1,1814002658
85,5	-39,415316718	0,628816	3,62393	-1048,7554776	-1,1814002658
86	-39,415316718	0,648352	3,6398	-1048,7554776	-1,1814002658
86,5	-39,415316718	0,59707	3,62393	-1048,7554776	-1,1814002658
87	-39,350113696	0,631258	3,61905	-1047,30261014	-1,18303915985
87,5	-39,415316718	0,659341	3,58608	-1048,7554776	-1,1814002658
88	-39,350113696	0,67033	3,6105	-1047,30261014	-1,18303915985
88,5	-39,415316718	0,661783	3,60684	-1048,7554776	-1,1814002658
89	-39,350113696	0,661783	3,63858	-1047,30261014	-1,18303915985
89,5	-39,415316718	0,64591	3,64957	-1048,7554776	-1,1814002658
90	-39,350113696	0,630037	3,63492	-1047,30261014	-1,18303915985
90,5	-39,415316718	0,660562	3,62882	-1048,7554776	-1,1814002658
91	-39,415316718	0,614164	3,63248	-1048,7554776	-1,1814002658
91,5	-39,415316718	0,632479	3,62882	-1048,7554776	-1,1814002658
92	-39,350113696	0,656899	3,64347	-1047,30261014	-1,18303915985
92,5	-39,415316718	0,611722	3,61905	-1048,7554776	-1,1814002658
93	-39,350113696	0,610501	3,61294	-1047,30261014	-1,18303915985
93,5	-39,415316718	0,619048	3,61661	-1048,7554776	-1,1814002658
94	-39,415316718	0,663004	3,63248	-1048,7554776	-1,1814002658
94,5	-39,415316718	0,666667	3,62393	-1048,7554776	-1,1814002658
95	-39,350113696	0,669109	3,66667	-1047,30261014	-1,18303915985
95,5	-39,415316718	0,652015	3,6569	-1048,7554776	-1,1814002658
96	-39,415316718	0,687424	3,63492	-1048,7554776	-1,1814002658
96,5	-39,415316718	0,695971	3,64957	-1048,7554776	-1,1814002658
97	-39,415316718	0,638584	3,64713	-1048,7554776	-1,1814002658
97,5	-39,415316718	0,654457	3,63126	-1048,7554776	-1,1814002658
98	-39,415316718	0,615385	3,61416	-1048,7554776	-1,1814002658
98,5	-39,415316718	0,642247	3,59707	-1048,7554776	-1,1814002658
99	-39,350113696	0,669109	3,61172	-1047,30261014	-1,18303915985
99,5	-39,415316718	0,648352	3,65079	-1048,7554776	-1,1814002658
100	-39,415316718	0,617827	3,62637	-1048,7554776	-1,1814002658
100,5	-39,415316718	0,636142	3,62515	-1048,7554776	-1,1814002658
101	-39,350113696	0,660562	3,6337	-1047,30261014	-1,18303915985
101,5	-39,415316718	0,671551	3,67277	-1048,7554776	-1,1814002658
102	-39,415316718	0,667888	3,663	-1048,7554776	-1,1814002658
