Vernier Format 2
Bandlücke-Ge_Fehler.cmbl 07.09.2016 14:19:12 ,
Latest
Time	Potential	Pyro	Sample	Wellenlänge	Energie
t	Pot	Pot	Pot	Lambda	E
s	°	V	V	nm	eV

0	68,7805301038	0,00976801	0,0793651	3081,36866639	0,402094047854
0,5	68,7805301038	0,00854701	0,0573871	3081,36866639	0,402094047854
1	68,7805301038	0,00488401	0,042735	3081,36866639	0,402094047854
1,5	68,7805301038	0,00732601	0,043956	3081,36866639	0,402094047854
2	68,5195042354	0,00488401	0,047619	3075,88624668	0,402810735065
2,5	68,258478367	0,014652	0,0561661	3070,33998718	0,403538372028
3	67,7364266302	0,00610501	0,041514	3059,05641064	0,405026855892
3,5	67,4754007618	0,00732601	0,0683761	3053,31932779	0,405787887538
4	67,0838619592	0,00488401	0,042735	3044,59491969	0,406950688903
4,5	66,6923231566	0,00732601	0,0781441	3035,72833367	0,408139287781
5	66,4312972882	0,00488401	0,047619	3029,73849278	0,408946185603
5,5	65,8439890843	0,013431	0,0805861	3016,03163004	0,410804710288
6	65,5829632159	0,013431	0,0732601	3009,83788401	0,411650078093
6,5	65,0609114791	0,00488401	0,0610501	2997,26311495	0,413377121889
7	64,7998856107	0,00610501	0,0732601	2990,88235291	0,414259022524
7,5	64,2125774068	0,031746	0,0805861	2976,29887851	0,416288837437
8	63,69052567	0,003663	0,0598291	2963,07320902	0,418146941571
8,5	63,4294998016	0,039072	0,0647131	2956,3680578	0,419095314175
9	63,1032174661	0,00488401	0,0659341	2947,90034885	0,4202991463
9,5	62,6464221964	0,017094	0,0720391	2935,88501206	0,422019253107
10	62,1243704596	0,00488401	0,0586081	2921,92474175	0,424035562004
10,5	61,8633445912	0,00976801	0,0622711	2914,85356736	0,4250642344
11	61,3412928544	0,026862	0,0586081	2900,52987395	0,427163330097
11,5	61,080266986	0,00488401	0,0634921	2893,2776522	0,428234047658
12	60,5582152492	0,00732601	0,047619	2878,59321123	0,430418579175
12,5	60,2319329137	0,00732601	0,0818071	2869,29400106	0,431813540035
13	59,7098811769	0,00488401	0,0830281	2854,22184766	0,434093797234
13,5	59,4488553085	0,00488401	0,0586081	2846,59683372	0,435256579127
14	58,9268035717	0,00488401	0,0842491	2831,16972266	0,437628302565
14,5	58,6657777033	0,00854701	0,0622711	2823,36794571	0,43883759532
15	58,1437259665	0,00610501	0,0500611	2807,58875864	0,441303946737
15,5	57,8827000981	0,025641	0,0708181	2799,611676	0,442561377573
16	57,2953918942	0,003663	0,037851	2781,4510452	0,445450946238
16,5	57,0343660258	0,01221	0,0647131	2773,28573056	0,44676247613
17	56,512314289	0,00610501	0,0695971	2756,78259396	0,449436964204
17,5	56,2512884206	0,039072	0,0720391	2748,44511452	0,450800342875
18	55,7292366838	0,030525	0,0781441	2731,5991986	0,453580452299
18,5	55,4029543483	0,015873	0,0573871	2720,95525224	0,455354787249
19	54,9461590786	0,00732601	0,0708181	2705,90556317	0,45788737673
19,5	54,3588508747	0,00488401	0,0561661	2686,30337511	0,461228620519
20	54,1630814734	0,00732601	0,0634921	2679,70648704	0,462364070839
20,5	53,5757732695	0,026862	0,0854701	2659,72842485	0,465837033745
21	53,3147474011	0,00488401	0,043956	2650,7594569	0,467413215021
21,5	52,7926956643	0,00610501	0,047619	2632,65665939	0,470627263749
22	52,5316697959	0,021978	0,0647131	2623,52320555	0,472265691182
22,5	52,0096180591	0,014652	0,0537241	2605,0931355	0,475606796208
23	51,5528227894	0,01221	0,0561661	2588,78936012	0,478602090647
23,5	51,1612839868	0,019536	0,0647131	2574,68368926	0,481224161698
24	50,63923225	0,010989	0,046398	2555,68921242	0,484800731629
24,5	50,3782063816	0,00610501	0,0586081	2546,11231048	0,486624252552
25	49,8561546448	0,017094	0,0695971	2526,80017338	0,490343483847
25,5	49,5951287764	0,00488401	0,046398	2517,06533905	0,492239903661
26	49,0730770396	0,00732601	0,0634921	2497,43914903	0,496108183649
26,5	48,7467947041	0,00610501	0,047619	2485,06738855	0,498578028793
27	48,2247429673	0,020757	0,0695971	2465,10511335	0,502615484138
27,5	47,7026912305	0,00732601	0,0659341	2444,93818697	0,506761277893
28	47,4416653621	0,00732601	0,0805861	2434,77850213	0,508875858283
28,5	46,9195601802	0,00732601	0,0634921	2414,30563746	0,513191031316
29	46,6585343118	0,003663	0,0512821	2403,99497825	0,515392091584
29,5	46,136482575	0,00732601	0,0805861	2383,2241907	0,519883947484
30	45,8754567066	0,00610501	0,0537241	2372,76449344	0,522175716732
30,5	45,2881485027	0,00488401	0,0549451	2349,05044934	0,527447165023
31	45,0923791014	0,00488401	0,0634921	2341,09079591	0,52924047293
31,5	44,5050708975	0,00732601	0,0610501	2317,0482204	0,534732073804
32	44,2440450291	0,00610501	0,0720391	2306,28433425	0,537227774391
32,5	43,7219932923	0,003663	0,0561661	2284,61318609	0,542323754212
33	43,1999415555	0,00732601	0,0537241	2262,75237104	0,547563231335
33,5	42,9389156871	0,00732601	0,041514	2251,75140498	0,55023835991
34	42,4168639503	0,00488401	0,046398	2229,60949738	0,555702692089
34,5	42,1558380819	0,014652	0,0537241	2218,46901539	0,558493263329
35	41,6337863451	0,003663	0,0598291	2196,05015115	0,564194765475
35,5	41,3075040096	0,021978	0,0586081	2181,94566067	0,567841822247
36	40,7201958057	0,00610501	0,0537241	2156,37957277	0,574574168502
36,5	40,263400536	0,028083	0,0634921	2136,33805621	0,579964391121
37	40,0023746676	0,00610501	0,0744811	2124,82471234	0,583106923035
37,5	39,4803229308	0,00610501	0,0940171	2101,66596276	0,589532314817
38	39,2192970624	0,00732601	0,0695971	2090,02103772	0,592816999275
38,5	38,6319888585	0,00488401	0,0647131	2063,6617244	0,600389097376
39	38,4362194572	0,023199	0,0586081	2054,8269645	0,602970479463
39,5	37,8489112533	0,00732601	0,0695971	2028,17916246	0,610892776601
40	37,5878853849	0,003663	0,0634921	2016,26712423	0,61450191054
40,5	37,0658336481	0,00854701	0,0549451	1992,31775348	0,621888751347
41	36,5437819113	0,00976801	0,0720391	1968,202982	0,629508242457
41,5	36,2827560429	0,00732601	0,0744811	1956,08419608	0,633408317742
42	35,7607043061	0,00610501	0,0622711	1931,72508148	0,641395616736
42,5	35,4996784377	0,00488401	0,0622711	1919,48525838	0,645485551188
43	34,9776267009	0,00854701	0,0708181	1894,88635074	0,653865071917
43,5	34,390318497	0,00610501	0,0622711	1867,02464481	0,663622734411
44	34,1292926286	0,00610501	0,0695971	1854,5785214	0,668076323382
44,5	33,6072408918	0,00488401	0,0598291	1829,57105882	0,67720791386
45	33,3462150234	0,00610501	0,0598291	1817,01023866	0,681889388202
45,5	32,8241632866	0,00610501	0,0512821	1791,77572413	0,691492793051
46	32,5631374182	0,00610501	0,0708181	1779,10255349	0,69641853842
46,5	32,0410856814	0,00976801	0,0525031	1753,64570061	0,706528120003
47	31,780059813	0,00610501	0,047619	1740,86254672	0,711716156072
47,5	31,1927516091	0,020757	0,0634921	1711,96875021	0,723728163759
48	30,9969822078	0,00488401	0,0586081	1702,29736127	0,727839934545
48,5	30,474930471	0,00610501	0,0683761	1676,41013771	0,739079281453
49	29,8876222671	0,031746	0,0854701	1647,1207619	0,752221712372
49,5	29,6265963987	0,00732601	0,04884	1634,04752631	0,758239879839
50	29,1045446619	0,043956	0,0781441	1607,79958358	0,770618435687
50,5	28,8435187935	0,00610501	0,04884	1594,62542122	0,776984979362
51	28,3214670567	0,02442	0,0769231	1568,17808165	0,790088839081
51,5	27,7994153199	0,00732601	0,0561661	1541,6005531	0,803710142366
52	27,5383894515	0,017094	0,0586081	1528,26365705	0,810723983576
52,5	26,9510812476	0,00610501	0,0537241	1498,14009116	0,827025461313
53	26,6900553792	0,021978	0,0757021	1484,70112387	0,834511390935
53,5	26,1680036424	0,00610501	0,0634921	1457,73102428	0,84995103991
54	25,906977774	0,014652	0,0866911	1444,20045176	0,857914147924
54,5	25,3196695701	0,018315	0,0647131	1413,64749899	0,876456118579
55	25,1239001688	0,00488401	0,0610501	1403,43001499	0,882837039803
55,5	24,5365919649	0,017094	0,0769231	1372,67973374	0,90261403993
56	24,3408225636	0,01221	0,04884	1362,39742913	0,909426261022
56,5	23,7535143597	0,01221	0,0586081	1331,45556331	0,930560534009
57	23,4924884913	0,00854701	0,0671551	1317,6585238	0,940304318319
57,5	22,9704367545	0,00732601	0,047619	1289,98268802	0,960478006027
58	22,4483850177	0,00488401	0,047619	1262,19975884	0,981619582258
58,5	22,1221026822	0,00732601	0,0586081	1244,78206924	0,995354954587
59	21,6000509454	0,00610501	0,040293	1216,83003653	1,01821944134
59,5	21,339025077	0,00976801	0,0793651	1202,81599219	1,03008274586
60	20,8169733402	0,00732601	0,0500611	1174,71330184	1,05472543646
60,5	20,556054362	0,023199	0,0683761	1160,63101311	1,06752274065
61	20,033895735	0,00488401	0,0525031	1132,37714045	1,09415843516
61,5	19,446534086	0,00732601	0,0830281	1100,48286889	1,12586941153
62	19,185721998	0,00488401	0,0549451	1086,28325776	1,14058648254
62,5	18,663563371	0,00854701	0,0598291	1057,78759194	1,17131266186
63	18,402216832	0,00610501	0,0561661	1043,4920378	1,18735932342
63,5	17,880592656	0,00488401	0,0500611	1014,89478299	1,22081620752
64	17,619246117	0,00488401	0,0537241	1000,53507618	1,23833739516
64,5	17,09708749	0,00488401	0,03663	971,782981229	1,27497602236
65	16,575463314	0,00610501	0,046398	942,979728562	1,31392007959
65,5	16,314116775	0,014652	0,0720391	928,519052029	1,33438295886
66	15,726755126	0,00488401	0,041514	895,949453612	1,38289051353
66,5	15,465943038	0,01221	0,0500611	881,456857428	1,40562750129
67	14,943784411	0,018315	0,0744811	852,387381479	1,45356445546
67,5	14,682972323	0,00610501	0,0683761	837,840857979	1,478801121
68	14,160813696	0,01221	0,0671551	808,666133919	1,5321526994
68,5	13,638655069	0,020757	0,0769231	779,424247506	1,58963491829
69	13,312639959	0,00610501	0,0598291	761,133794476	1,62783469738
69,5	12,790481332	0,00488401	0,0549451	731,787991118	1,69311332659
70	12,529134793	0,00610501	0,0561661	717,077095909	1,72784768482
70,5	12,007510617	0,013431	0,0732601	687,671170864	1,80173323021
71	11,48535199	0,00488401	0,0647131	658,178033533	1,88246938803
71,5	11,224005451	0,021978	0,0598291	643,395690901	1,9257200779
72	10,702381275	0,015873	0,0830281	613,851748044	2,01840265821
72,5	10,375831714	0,00488401	0,0634921	595,330462591	2,08119704577
73	9,918876109	0,00732601	0,0732601	569,380459084	2,17604938883
73,5	9,332048911	0,00732601	0,0683761	536,002302589	2,31155723402
74	9,070702372	0,00610501	0,0659341	521,118862483	2,37757657456
74,5	8,548543745	0,00732601	0,0634921	491,350255779	2,52162278421
75	8,287731657	0,00610501	0,043956	476,465750313	2,60039677393
75,5	7,700370008	0,00732601	0,0634921	442,909430521	2,79741164812
76	7,504760942	0,00488401	0,0671551	431,723662588	2,86989133876
76,5	6,917399293	0,02442	0,0586081	398,106079959	3,11223581445
77	6,721790227	0,00976801	0,0695971	386,900954478	3,20236997521
77,5	6,134428578	0,00732601	0,0720391	353,228386784	3,50764560935
78	5,677472973	0,030525	0,0830281	327,00594854	3,78892190045
78,5	5,350923412	0,00610501	0,0744811	308,254032608	4,01941213719
79	4,829299236	0,00610501	0,0818071	278,279551874	4,45235732074
79,5	4,567952697	0,00610501	0,0598291	263,252771573	4,70650315511
80	3,980591048	0,018315	0,0671551	229,461414892	5,39960062821
80,5	3,458966872	0,00488401	0,046398	199,431656373	6,21265461327
81	3,197620333	0,00488401	0,0525031	184,379637668	6,71983097305
81,5	2,675461706	0,028083	0,0781441	154,295204585	8,03006161686
82	2,414649618	0,00488401	0,0708181	139,263429258	8,89680806079
82,5	1,827287969	0,00732601	0,0842491	105,401041078	11,7551021064
83	1,566475881	0,017094	0,0842491	90,3610222919	13,7116642616
83,5	1,044317254	0,003663	0,0647131	60,2448511716	20,5660728827
84	0,782970715	0,010989	0,0586081	45,1693177516	27,4301242896
84,5	0,261346539	0,00488401	0,0610501	15,0774110985	82,1759114947
85	-0,260812088	0,00732601	0,0708181	-15,0465781602	-82,3443035893
85,5	-0,522158627	0,00610501	0,0586081	-30,1236765205	-41,1304376861
86	-1,043782803	0,00610501	0,0512821	-60,214023032	-20,5766022201
86,5	-1,631144452	0,00610501	0,040293	-94,0903939366	-13,1681880388
87	-1,827287969	0,00610501	0,042735	-105,401041078	-11,7551021064
87,5	-2,414115167	0,00732601	0,0549451	-139,232623371	-8,89877652235
88	-2,675461706	0,01221	0,0586081	-154,295204585	-8,03006161686
88,5	-3,197620333	0,00854701	0,0659341	-184,379637668	-6,71983097305
89	-3,458432421	0,00854701	0,0561661	-199,400879276	-6,21361352315
89,5	-3,980591048	0,00854701	0,0793651	-229,461414892	-5,39960062821
90	-4,241403136	0,00732601	0,0500611	-244,469317706	-5,06812066082
90,5	-4,828764785	0,013431	0,0732601	-278,248828063	-4,45284894324
91	-5,024373851	0,010989	0,0720391	-289,49210376	-4,27990948253
91,5	-5,6117355	0,00610501	0,0781441	-323,231847249	-3,83316189462
92	-6,133894127	0,035409	0,0818071	-353,197730064	-3,50795006462
92,5	-6,395240666	0,00610501	0,0671551	-368,185147292	-3,36515475736
93	-6,916864842	0,00610501	0,0573871	-398,075471124	-3,11247512061
93,5	-7,439023469	0,00732601	0,0671551	-427,963374898	-2,89510755516
94	-7,700370008	0,00732601	0,0671551	-442,909430521	-2,79741164812
94,5	-8,287197206	0,00488401	0,043956	-476,435239035	-2,60056330533
95	-8,548543745	0,00488401	0,041514	-491,350255779	-2,52162278421
95,5	-9,135905394	0,020757	0,0537241	-524,833140553	-2,36075031141
96	-9,33151446	0,00732601	0,0500611	-535,97187738	-2,31168845287
96,5	-9,918876109	0,00610501	0,0512821	-569,380459084	-2,17604938883
97	-10,179688197	0,00854701	0,0647131	-584,196231433	-2,1208627056
97,5	-10,701846824	0,00488401	0,0537241	-613,821451101	-2,01850228235
98	-10,963193363	0,017094	0,0683761	-628,630232376	-1,97095197811
98,5	-11,484817539	0,00610501	0,0683761	-658,147817663	-1,88255581307
99	-12,072179188	0,00732601	0,045177	-691,31992717	-1,7922237611
99,5	-12,268322705	0,00732601	0,041514	-702,381410387	-1,76399884974
100	-12,855149903	0,00610501	0,047619	-735,425772375	-1,68473834687
100,5	-13,116496442	0,00488401	0,0561661	-750,117627375	-1,65174094673
101	-13,638655069	0,00732601	0,03663	-779,424247506	-1,58963491829
101,5	-14,160279245	0,00488401	0,042735	-808,636237559	-1,53220934513
102	-14,421625784	0,00610501	0,0647131	-823,247111987	-1,5050159083
102,5	-15,008987433	0,00610501	0,043956	-856,021264392	-1,44739395099
103	-15,204596499	0,00488401	0,0769231	-866,916242714	-1,42920381342
103,5	-15,791958148	0,00732601	0,0512821	-899,569713613	-1,3773251603
104	-16,052770236	0,00854701	0,0793651	-914,039056778	-1,35552194495
104,5	-16,574928863	0,020757	0,0732601	-942,950176543	-1,31396125779
105	-16,836275402	0,00610501	0,0671551	-957,391273918	-1,29414173051
105,5	-17,357899578	0,028083	0,0708181	-986,154552285	-1,25639535621
106	-17,619246117	0,0573871	0,0708181	-1000,53507618	-1,23833739516
106,5	-18,206607766	0,013431	0,0854701	-1032,77807542	-1,19967690009
107	-18,728231942	0,00610501	0,0769231	-1061,32155249	-1,16741245582
107,5	-18,989578481	0,02442	0,0830281	-1075,58960669	-1,15192634095
108	-19,511737108	0,00610501	0,0757021	-1104,02922018	-1,12225290541
108,5	-19,772549196	0,00732601	0,0830281	-1118,2002816	-1,10803048469
109	-20,294707823	0,00732601	0,0610501	-1146,50152001	-1,0806788987
109,5	-20,81686645	0,00610501	0,0525031	-1174,70753774	-1,05473061183
110	-21,077678538	0,00610501	0,0610501	-1188,75972133	-1,04226276999
110,5	-21,665040187	0,00610501	0,0610501	-1220,31528529	-1,015311383
111	-21,925852275	0,00610501	0,0683761	-1234,2863001	-1,00381896801
111,5	-22,448010902	0,00610501	0,0854701	-1262,17981103	-0,981635096024
112	-22,709357441	0,00610501	0,0781441	-1276,10162186	-0,970925809333
112,5	-23,230981617	0,00610501	0,0549451	-1303,80863642	-0,950292830861
113	-23,753140244	0,020757	0,0683761	-1331,43580839	-0,93057434102
113,5	-24,079689805	0,00610501	0,0610501	-1348,65733849	-0,918691475319
114	-24,601313981	0,030525	0,0818071	-1376,07557894	-0,900386591379
114,5	-24,86266052	0,00610501	0,0598291	-1389,77004632	-0,891514393537
115	-25,384819147	0,00488401	0,0647131	-1417,0440941	-0,874355290114
115,5	-25,645631235	0,00610501	0,0610501	-1430,6232275	-0,866056118891
116	-26,167789862	0,00610501	0,0610501	-1457,71995508	-0,849957494021
116,5	-26,755151511	0,00732601	0,0879121	-1488,05550583	-0,832630231294
117	-27,015963599	0,00854701	0,0671551	-1501,47575738	-0,825188148335
117,5	-27,538122226	0,020757	0,0818071	-1528,24998709	-0,810731235377
118	-27,798934314	0,010989	0,0622711	-1541,57600585	-0,803722940225
118,5	-28,321092941	0,00488401	0,0573871	-1568,15908186	-0,790098411784
119	-28,778048546	0,00488401	0,04884	-1591,31588862	-0,778600910644
119,5	-29,104063656	0,021978	0,0866911	-1607,77533748	-0,770630057022
120	-29,626222283	0,00610501	0,0744811	-1634,02876467	-0,758248585819
120,5	-29,952771844	0,00488401	0,0659341	-1650,37839683	-0,750736923352
121	-30,474930471	0,00610501	0,0818071	-1676,41013771	-0,739079281453
121,5	-30,735742559	0,00732601	0,0744811	-1689,36068	-0,733413541981
122	-31,257901186	0,00610501	0,0732601	-1715,18283911	-0,722371966268
122,5	-31,845262835	0,042735	0,0879121	-1744,05911368	-0,710411700086
123	-32,106074923	0,01221	0,0830281	-1756,82275355	-0,705250428647
123,5	-32,62823355	0,00610501	0,0695971	-1782,26652797	-0,695182219134
124	-32,889045638	0,021978	0,0622711	-1794,92009244	-0,69028142546
124,5	-33,411204265	0,00854701	0,0586081	-1820,14112053	-0,680716448865
125	-33,672016353	0,00732601	0,0622711	-1832,68224668	-0,676058275921
125,5	-34,259378002	0,00610501	0,0683761	-1860,78602388	-0,66584764938
126	-34,781536629	0,00610501	0,04884	-1885,60589866	-0,657083222364
126,5	-35,042883168	0,00488401	0,0500611	-1897,9698592	-0,652802779766
127	-35,499304322	0,013431	0,0561661	-1919,46768698	-0,64549146016
127,5	-35,825853883	0,00488401	0,046398	-1934,77378274	-0,640384943734
128	-36,34801251	0,00488401	0,043956	-1959,1177085	-0,632427543596
128,5	-36,869636686	0,00488401	0,0586081	-1983,27425655	-0,62472449078
129	-37,130983225	0,00610501	0,039072	-1995,31559468	-0,62095440105
129,5	-37,718344874	0,003663	0,0561661	-2022,22595076	-0,612691178024
130	-37,979156962	0,00732601	0,0622711	-2034,10725958	-0,60911242225
130,5	-38,501315589	0,00610501	0,04884	-2057,76731609	-0,60210889264
131	-38,827330699	0,00610501	0,0720391	-2072,45317557	-0,597842216465
131,5	-39,284286304	0,00610501	0,046398	-2092,92441248	-0,591994623701
132	-39,806444931	0,010989	0,0842491	-2116,1536444	-0,585496239026
132,5	-40,067257019	0,00488401	0,039072	-2127,69067468	-0,58232148815
133	-40,589415646	0,00610501	0,0708181	-2150,65564844	-0,576103385448
133,5	-40,850227734	0,018315	0,0732601	-2162,0596104	-0,573064680568
134	-41,437589383	0,00732601	0,0732601	-2187,57748174	-0,566379938696
134,5	-41,698935922	0,00610501	0,0903541	-2198,85791349	-0,563474334744
135	-42,221094549	0,032967	0,0744811	-2221,25846158	-0,557791910051
135,5	-42,742718725	0,00488401	0,0708181	-2243,4518828	-0,552273935312
136	-43,004065264	0,003663	0,0598291	-2254,50152713	-0,549567159344
136,5	-43,591426913	0,00732601	0,0549451	-2279,1634598	-0,543620508953
137	-44,113051089	0,00488401	0,0598291	-2300,86450366	-0,538493248094
137,5	-44,374397628	0,00976801	0,0610501	-2311,66566292	-0,53597716135
138	-44,896556255	0,00854701	0,0732601	-2333,10162689	-0,531052735003
138,5	-45,157368343	0,00488401	0,029304	-2343,73618394	-0,528643116272
139	-45,67952697	0,00488401	0,0549451	-2364,88092787	-0,523916441373
139,5	-46,00554208	0,026862	0,0573871	-2377,9833784	-0,521029714192
140	-46,527700707	0,00732601	0,034188	-2398,80819671	-0,516506489222
140,5	-47,115062356	0,00732601	0,0573871	-2421,99526825	-0,511561693055
141	-47,310671422	0,028083	0,0695971	-2429,66088137	-0,509947708958
141,5	-47,898033071	0,00610501	0,0732601	-2452,50812331	-0,505197103416
142	-48,094176588	0,00732601	0,0634921	-2460,08044332	-0,50364206722
142,5	-48,681003786	0,00488401	0,046398	-2482,56299525	-0,499080991045
143	-49,203162413	0,00732601	0,0757021	-2502,34908161	-0,49513475522
143,5	-49,464508952	0,00610501	0,0634921	-2512,17431083	-0,493198260431
144	-49,986133128	0,00610501	0,046398	-2531,62811196	-0,48940837485
144,5	-50,312682689	0,028083	0,0610501	-2543,69997528	-0,487085745976
145	-50,769638294	0,00488401	0,0500611	-2560,45388457	-0,48389858043
145,5	-51,356999943	0,023199	0,0647131	-2581,74966979	-0,47990710118
146	-51,617812031	0,00732601	0,0720391	-2591,11899732	-0,478171786507
146,5	-52,139970658	0,00854701	0,04884	-2609,71531165	-0,474764429081
147	-52,400782746	0,018315	0,0757021	-2618,92287896	-0,47309525987
147,5	-52,922941373	0,00610501	0,0537241	-2637,19361342	-0,469817609787
148	-53,183753461	0,026862	0,0757021	-2646,23770107	-0,468211906852
148,5	-53,77111511	0,00732601	0,0561661	-2666,40435615	-0,464670708006
149	-54,293273737	0,00610501	0,046398	-2684,09709605	-0,461607742069
149,5	-54,554085825	0,00976801	0,0598291	-2692,85102039	-0,460107146893
150	-55,076244452	0,00732601	0,0549451	-2710,20894537	-0,457160324157
150,5	-55,337590991	0,017094	0,0695971	-2718,81235594	-0,455713685901
151	-55,859215167	0,00610501	0,0500611	-2735,81468834	-0,452881551254
151,5	-56,446576816	0,01221	0,0866911	-2754,68824375	-0,449778664722
152	-56,707923355	0,00610501	0,0598291	-2762,99308706	-0,448426746272
152,5	-57,230081982	0,00732601	0,0549451	-2779,41345311	-0,445777506982
153	-57,49089407	0,01221	0,0525031	-2787,5288705	-0,444479701399
153,5	-58,013052697	0,00488401	0,041514	-2803,60259096	-0,441931393555
154	-58,535211324	0,015873	0,0793651	-2819,44346312	-0,439448428815
154,5	-58,796023412	0,019536	0,0781441	-2827,26818207	-0,438232215769
155	-59,318182039	0,00488401	0,0573871	-2842,75744151	-0,435844431153
155,5	-59,644197149	0,00976801	0,0586081	-2852,30867605	-0,434384963453
156	-60,101152754	0,00732601	0,0500611	-2865,54056134	-0,432379152721
156,5	-60,688514403	0,00610501	0,0805861	-2882,28073585	-0,429867911405
157	-60,884123469	0,00732601	0,0525031	-2887,78856809	-0,429048031317
157,5	-61,471485118	0,013431	0,0525031	-2904,12458362	-0,426634589642
158	-61,667094184	0,028083	0,0671551	-2909,49730714	-0,425846759493
158,5	-62,254455833	0,00610501	0,0659341	-2925,42611309	-0,423528044155
159	-62,77661446	0,00976801	0,0830281	-2939,32857792	-0,421524837103
159,5	-63,103164021	0,042735	0,0720391	-2947,898954	-0,420299345172
160	-63,559585175	0,031746	0,0549451	-2959,71732889	-0,418621058134
160,5	-63,886134736	0,019536	0,0610501	-2968,05765027	-0,417444721765
161	-64,408293363	0,00488401	0,043956	-2981,19352811	-0,415605356819
161,5	-64,669105451	0,00732601	0,0549451	-2987,66208934	-0,414705533274
162	-65,191264078	0,00610501	0,0695971	-3000,42629502	-0,412941321724
162,5	-65,778625727	0,01221	0,0573871	-3014,48652711	-0,41101527204
163	-66,039437815	0,00854701	0,0757021	-3020,62835402	-0,410179556963
163,5	-66,561596442	0,00854701	0,0634921	-3032,73637557	-0,408541939215
164	-66,887611552	0,003663	0,0561661	-3040,16848046	-0,407543202939
164,5	-67,344567157	0,00610501	0,0744811	-3050,41988867	-0,406173590922
