Vernier Format 2
Bandlücke-Si.cmbl 07.09.2016 11:43:13 ,
Latest
Time	Potential	Pyro	Sample	Wellenlänge	Energie
t	Pot	Pot	Pot	Lambda	E
s	°	V	V	nm	eV

0	69,041449082	0,00610501	0,0866911	1542,46661308	0,803258877365
0,5	68,975711609	0,00610501	0,0830281	1541,78773216	0,80361256881
1	69,041449082	0,00732601	0,0634921	1542,46661308	0,803258877365
1,5	68,975711609	0,00976801	0,0708181	1541,78773216	0,80361256881
2	68,975711609	0,010989	0,0683761	1541,78773216	0,80361256881
2,5	68,714899521	0,00854701	0,0769231	1539,07429481	0,805029363544
3	68,454087433	0,00976801	0,0830281	1536,3289664	0,806467903096
3,5	68,192740894	0,00854701	0,0744811	1533,54608026	0,8079313794
4	67,670582267	0,010989	0,0964591	1527,89049972	0,81092198703
4,5	67,409770179	0,00610501	0,0818071	1525,01805288	0,812449398656
5	67,148958091	0,00610501	0,0830281	1522,11400623	0,813999473714
5,5	66,626799464	0,00976801	0,0866911	1516,20524253	0,817171689718
6	66,365452925	0,015873	0,0842491	1513,20051903	0,818794326604
6,5	65,778625727	0,00488401	0,0793651	1506,33909843	0,822523959773
7	65,517279188	0,00610501	0,0757021	1503,23242935	0,824223836453
7,5	65,2564671	0,00732601	0,0854701	1500,10093303	0,825944423282
8	64,734308473	0,042735	0,0891331	1493,73817938	0,829462630803
8,5	64,473496385	0,00488401	0,0781441	1490,51356645	0,831257110227
9	63,951337758	0,00976801	0,0854701	1483,96498768	0,834925358947
9,5	63,624788197	0,00732601	0,0915751	1479,80693731	0,837271382343
10	63,10262957	0,00732601	0,105006	1473,05831402	0,84110723127
10,5	62,841817482	0,00488401	0,0793651	1469,64160494	0,843062686737
11	62,581005394	0,00488401	0,0805861	1466,19444351	0,845044806631
11,5	62,058846767	0,00610501	0,0695971	1459,20183065	0,8490943295
12	61,797500228	0,025641	0,0866911	1455,65640007	0,851162403397
12,5	61,275876052	0,014652	0,102564	1448,48956397	0,855373784403
13	61,014529513	0,00488401	0,0720391	1444,85362138	0,857526313855
13,5	60,688514403	0,00976801	0,0610501	1440,2758566	0,860251870722
14	60,231558798	0,010989	0,0757021	1433,78102969	0,864148691007
14,5	59,905543688	0,010989	0,100122	1429,09152642	0,86698435831
15	59,383385061	0,00732601	0,0866911	1421,48429884	0,871624119248
15,5	59,122038522	0,00610501	0,0927961	1417,63241949	0,873992427775
16	58,861226434	0,015873	0,0927961	1413,75901236	0,876386986159
16,5	58,273864785	0,00610501	0,0903541	1404,92875983	0,881895250083
17	58,078255719	0,00610501	0,0830281	1401,95520183	0,883765756836
17,5	57,49089407	0,00610501	0,0757021	1392,92834381	0,889492991875
18	57,229547531	0,00610501	0,0805861	1388,86472969	0,892095517667
18,5	56,707923355	0,00854701	0,106227	1380,66781135	0,89739181997
19	56,446576816	0,00610501	0,0854701	1376,51788065	0,900097279823
19,5	55,924418189	0,00732601	0,0659341	1368,14081952	0,905608532634
20	55,663606101	0,026862	0,0866911	1363,91397968	0,90841506023
20,5	55,402794013	0,013431	0,101343	1359,65887827	0,911257977869
21	54,880635386	0,00610501	0,0927961	1351,05538044	0,917060853269
21,5	54,554085825	0,010989	0,0659341	1345,61781643	0,920766643302
22	54,032461649	0,00732601	0,0793651	1336,84135156	0,926811546149
22,5	53,77111511	0,00610501	0,0915751	1332,40241672	0,929899243992
23	53,248956483	0,00610501	0,0903541	1323,45069317	0,936189014362
23,5	52,988144395	0,00610501	0,0708181	1318,93820323	0,939392002571
24	52,465985768	0,031746	0,0854701	1309,82194188	0,945930099643
24,5	52,139970658	0,01221	0,0781441	1304,07489778	0,950098803455
25	51,878624119	0,00732601	0,0793651	1299,43734282	0,953489605979
25,5	51,356465492	0,017094	0,0769231	1290,09084343	0,960397483878
26	51,095653404	0,00610501	0,0976801	1285,38220313	0,963915633022
26,5	50,573494777	0,00610501	0,0952381	1275,87533268	0,971098012684
27	50,312682689	0,00732601	0,0744811	1271,08703024	0,974756228742
27,5	49,790524062	0,00610501	0,0732601	1261,42156407	0,982225161907
28	49,529711974	0,00732601	0,0976801	1256,55449366	0,98602965988
28,5	49,203162413	0,00610501	0,101343	1250,42398619	0,990863909907
29	48,681003786	0,02442	0,0781441	1240,53687765	0,998761118934
29,5	48,420191698	0,00610501	0,0769231	1235,5597479	1,00278436725
30	47,898033071	0,014652	0,0818071	1225,51845634	1,01100068595
30,5	47,572017961	0,018315	0,0903541	1219,19740576	1,01624231986
31	47,115062356	0,017094	0,0927961	1210,27118084	1,02373750579
31,5	46,788512795	0,00610501	0,0891331	1203,84512732	1,02920215556
32	46,266888619	0,00488401	0,0879121	1193,4992344	1,03812383309
32,5	46,00554208	0,00610501	0,0586081	1188,27843684	1,04268491424
33	45,744729992	0,031746	0,0805861	1183,0436682	1,04729861906
33,5	45,222571365	0,014652	0,0854701	1172,48984638	1,05672556894
34	44,961759277	0,00610501	0,0866911	1167,18181419	1,06153127553
34,5	44,374397628	0,00488401	0,0671551	1155,13947043	1,07259775266
35	44,113051089	0,00610501	0,0659341	1149,7421305	1,07763294667
35,5	43,591426913	0,02442	0,105006	1138,89811758	1,08789362356
36	43,330080374	0,00610501	0,0891331	1133,42944879	1,09314258714
36,5	42,742718725	0,00610501	0,0781441	1121,05304042	1,10521086454
37	42,547109659	0,00732601	0,0818071	1116,90510966	1,10931536554
37,5	42,286297571	0,00610501	0,105006	1111,35429327	1,11485599822
38	41,698935922	0,00488401	0,0671551	1098,76943127	1,12762510927
38,5	41,437589383	0,010989	0,0818071	1093,13259885	1,13343980529
39	40,915430756	0,020757	0,0866911	1081,80246384	1,14531075812
39,5	40,654618668	0,00488401	0,0818071	1076,10948894	1,15136983061
40	40,39380658	0,00610501	0,0903541	1070,39421605	1,15751746546
40,5	39,806444931	0,01221	0,0976801	1057,44210305	1,17169535469
41	39,610301414	0,00610501	0,0830281	1053,09205646	1,17653532034
41,5	39,088677238	0,00488401	0,0842491	1041,4636252	1,18967189062
42	38,762127677	0,00732601	0,0903541	1034,13994593	1,19809703211
42,5	38,23996905	0,00732601	0,0744811	1022,3595487	1,21190240906
43	37,979156962	0,00488401	0,0708181	1016,44351963	1,2189560719
43,5	37,456998335	0,00488401	0,0744811	1004,53616904	1,23340506613
44	37,196186247	0,00488401	0,0720391	998,557281953	1,24079011029
44,5	36,608824598	0,00610501	0,0805861	985,016955953	1,25784636753
45	36,413215532	0,00610501	0,0732601	980,484572971	1,26366088173
45,5	35,825853883	0,00854701	0,0927961	966,806575301	1,28153865691
46	35,629710366	0,00732601	0,0879121	962,216244542	1,28765234117
46,5	35,303695256	0,00610501	0,0732601	954,561617711	1,29797802155
47	34,781536629	0,00732601	0,0805861	942,237380674	1,31495526012
47,5	34,520724541	0,01221	0,0842491	936,052199218	1,32364413121
48	33,998565914	0,003663	0,0757021	923,611003757	1,34147384013
48,5	33,737219375	0,00610501	0,0732601	917,355169031	1,35062192031
49	33,150392177	0,030525	0,0830281	903,238979423	1,37172999419
49,5	32,889045638	0,00732601	0,0708181	896,921677868	1,3813915201
50	32,366887011	0,00610501	0,0671551	884,244236358	1,40119658015
50,5	32,106074923	0,00610501	0,0781441	877,884435338	1,41134749646
51	31,583916296	0,00732601	0,0708181	865,097268579	1,43220889142
51,5	31,257901186	0,019536	0,101343	857,076967596	1,44561112577
52	30,800945581	0,00488401	0,0818071	845,788751919	1,46490479708
52,5	30,47439602	0,010989	0,0818071	837,688967474	1,47906925853
53	29,952771844	0,00732601	0,0793651	824,694183897	1,50237509151
53,5	29,691425305	0,00732601	0,0598291	818,157707604	1,51437795976
54	29,430613217	0,00854701	0,0866911	811,61762788	1,52658093841
54,5	28,90845459	0,015873	0,0940171	798,47366438	1,55171053883
55	28,647642502	0,020757	0,0769231	791,883506396	1,56462407664
55,5	28,060280853	0,00610501	0,0671551	776,982269426	1,59463098291
56	27,864137336	0,018315	0,0879121	771,987887031	1,60494746202
56,5	27,276775687	0,00854701	0,100122	756,978079872	1,63677130546
57	27,015963599	0,00610501	0,0927961	750,287526032	1,6513669187
57,5	26,493804972	0,00976801	0,0854701	736,846128018	1,68149081998
58	26,232992884	0,00610501	0,0781441	730,109320238	1,69700614094
58,5	25,645631235	0,023199	0,102564	714,8825126	1,733151921
59	25,384819147	0,00610501	0,0854701	708,097018827	1,74976022643
59,5	25,123472608	0,00732601	0,0781441	701,282902885	1,76676202272
60	24,601313981	0,047619	0,105006	687,625049344	1,80185407903
60,5	24,340501893	0,021978	0,0915751	680,781654363	1,81996678679
61	23,818343266	0,00488401	0,0830281	667,038592081	1,85746374304
61,5	23,557531178	0,014652	0,0915751	660,15327619	1,87683685697
62	23,035372551	0,018315	0,0903541	646,327571555	1,9169845981
62,5	22,774560463	0,00610501	0,0989011	639,401620523	1,9377492334
63	22,252401836	0,02442	0,0903541	625,495855357	1,98082847294
63,5	21,925852275	0,00610501	0,0793651	616,772938204	2,00884300081
64	21,469431121	0,00854701	0,0879121	604,547333617	2,04946731398
64,5	21,14288156	0,00976801	0,102564	595,776855746	2,07963768322
65	20,620722933	0,00488401	0,0793651	581,712609024	2,12991773047
65,5	20,359910845	0,00610501	0,0915751	574,669517492	2,15602178694
66	19,837752218	0,026862	0,0866911	560,533264497	2,21039513348
66,5	19,511737108	0,00732601	0,0757021	551,683467553	2,24585305319
67	18,989578481	0,00976801	0,100122	537,472190987	2,30523554665
67,5	18,728231942	0,00976801	0,101343	530,342443444	2,33622636716
68	18,206607766	0,00732601	0,0879121	516,079266241	2,40079398854
68,5	17,880058205	0,00976801	0,0793651	507,128320739	2,4431686209
69	17,4231026	0,00610501	0,0976801	494,57526802	2,50517985859
69,5	17,09708749	0,00610501	0,101343	485,600014016	2,55148262817
70	16,835740951	0,014652	0,0915751	478,393730024	2,58991688695
70,5	16,314116775	0,00488401	0,0720391	463,981025999	2,67036781802
71	16,052770236	0,00610501	0,0854701	456,745371503	2,71267116714
71,5	15,530611609	0,019536	0,0793651	442,260549034	2,80151599031
72	15,269799521	0,017094	0,0891331	435,011720026	2,84819912421
72,5	14,682437872	0,014652	0,0976801	418,65422275	2,95948286837
73	14,421625784	0,00976801	0,0903541	411,376631245	3,01183855838
73,5	13,899467157	0,00610501	0,0940171	396,781070664	3,12262880366
74	13,638655069	0,00610501	0,0903541	389,478343235	3,18117816182
74,5	13,05129342	0,00732601	0,0769231	373,002920709	3,32168980781
75	12,855149903	0,00976801	0,0781441	367,492302572	3,37149918876
75,5	12,267788254	0,00854701	0,103785	350,964977364	3,53026677849
76	12,006976166	0,00488401	0,0927961	343,614255045	3,60578754172
76,5	11,484817539	0,00610501	0,0708181	328,876503967	3,7673715971
77	11,224005451	0,035409	0,0940171	321,504865339	3,8537519446
77,5	10,701846824	0,00854701	0,0830281	306,726615937	4,0394277367
78	10,441034736	0,030525	0,0805861	299,335437585	4,13916912075
78,5	9,853673087	0,01221	0,0842491	282,667661808	4,38323928557
79	9,592326548	0,00854701	0,0903541	275,241682125	4,50149843017
79,5	9,070702372	0,00488401	0,0866911	260,403126844	4,7580073827
80	8,809355833	0,00610501	0,0915751	252,960452997	4,89799881888
80,5	8,287197206	0,00488401	0,0671551	238,074717526	5,20424853539
81	8,026385118	0,00854701	0,0879121	230,631985853	5,37219499462
81,5	7,439023469	0,00732601	0,0891331	213,853324109	5,7936906296
82	7,243414403	0,00610501	0,0708181	208,260450328	5,94928128719
82,5	6,721255776	0,00610501	0,0805861	193,31912868	6,40909158066
83	6,460443688	0,00976801	0,0940171	185,850024098	6,66666580224
83,5	6,133894127	0,00610501	0,100122	176,492926901	7,0201113538
84	5,6117355	0,00488401	0,0757021	161,51897346	7,67092542416
84,5	5,350923412	0,00732601	0,0781441	154,034558586	8,04364949903
85	4,828764785	0,034188	0,0940171	139,040956075	8,91104344343
85,5	4,502749675	0,010989	0,0842491	129,673611195	9,55475820089
86	4,04579407	0,020757	0,0781441	116,536974082	10,6318188691
86,5	3,719244509	0,00610501	0,0805861	107,144682022	11,563803043
87	3,197620333	0,00610501	0,0793651	92,1345160031	13,4477289701
87,5	2,936273794	0,00854701	0,0964591	84,6111044071	14,643468002
88	2,414115167	0,00488401	0,0830281	69,5745502508	17,8082358496
88,5	2,153303079	0,00732601	0,0842491	62,0617264547	19,9639950543
89	1,631144452	0,00854701	0,0830281	47,0169754944	26,3521842265
89,5	1,370332364	0,013431	0,0805861	39,5007590512	31,366485854
90	0,848173737	0,00854701	0,108669	24,4506207545	50,6735600884
90,5	0,587361649	0,00488401	0,100122	16,9324152477	73,1732586211
91	0,065203022	0,00610501	0,0903541	1,87970008812	659,14770544
91,5	-0,261346539	0,00610501	0,0891331	-7,53418323039	-164,450473543
92	-0,717767693	0,026862	0,102564	-20,6915715947	-59,8794535411
92,5	-1,044317254	0,00610501	0,106227	-30,1043557444	-41,1568349284
93	-1,566475881	0,00610501	0,0671551	-45,1534082599	-27,4397891045
93,5	-1,892490991	0,01221	0,0805861	-54,5476166814	-22,7140996322
94	-2,349446596	0,00854701	0,0830281	-67,7118678084	-18,2981217341
94,5	-2,675461706	0,02442	0,0781441	-77,1013229867	-16,0697631636
95	-3,197620333	0,021978	0,0732601	-92,1345160031	-13,4477289701
95,5	-3,458966872	0,00610501	0,0720391	-99,6560106533	-12,4327673953
96	-3,980591048	0,021978	0,0952381	-114,661882786	-10,80568337
96,5	-4,241937587	0,00610501	0,0781441	-122,176697902	-10,1410499815
97	-4,764096214	0,00610501	0,0842491	-137,183191684	-9,03171871707
97,5	-5,024908302	0,00488401	0,0695971	-144,674569787	-8,56404827621
98	-5,547066929	0,017094	0,0891331	-159,663512687	-7,76006978145
98,5	-5,873082039	0,032967	0,101343	-169,015368025	-7,33069432962
99	-6,330037644	0,00610501	0,0952381	-182,114018011	-6,80343014519
99,5	-6,590849732	0,00610501	0,0683761	-189,585067437	-6,53532483729
100	-6,917399293	0,010989	0,0842491	-198,933632037	-6,22820780636
100,5	-7,43955792	0,00732601	0,0927961	-213,8686018	-5,79327675765
101	-7,700370008	0,00732601	0,0830281	-221,321869	-5,59818153351
101,5	-8,287731657	0,00732601	0,105006	-238,089964013	-5,20391527267
102	-8,483340723	0,00488401	0,0842491	-243,66877616	-5,08477130113
102,5	-9,070702372	0,00610501	0,0720391	-260,403126844	-4,7580073827
103	-9,266845889	0,00732601	0,0732601	-265,98538675	-4,6581506418
103,5	-9,853673087	0,013431	0,0830281	-282,667661808	-4,38323928557
104	-10,049816604	0,00854701	0,0830281	-288,237088244	-4,29854467219
104,5	-10,637178253	0,00732601	0,0866911	-304,894553843	-4,06370000508
105	-10,832787319	0,00488401	0,0915751	-310,434964139	-3,9911741367
105,5	-11,420148968	0,00732601	0,0842491	-327,049329571	-3,78841932385
106	-11,680961056	0,00488401	0,0732601	-334,415857496	-3,70496784835
106,5	-12,268322705	0,00732601	0,0695971	-350,980032905	-3,53011534515
107	-12,463931771	0,013431	0,0964591	-356,488299241	-3,47556989286
107,5	-13,05129342	0,00854701	0,0927961	-373,002920709	-3,32168980781
108	-13,312639959	0,00488401	0,0757021	-380,338602759	-3,25762357808
108,5	-13,573452047	0,00732601	0,0879121	-387,65139447	-3,19617062566
109	-14,095610674	0,020757	0,101343	-402,267672522	-3,08003870217
109,5	-14,356422762	0,00732601	0,0927961	-409,555895582	-3,02522809064
110	-14,878581389	0,00610501	0,0903541	-424,121622533	-2,92133184014
110,5	-15,20513095	0,00488401	0,0927961	-433,212966523	-2,86002519718
111	-15,661552104	0,01221	0,0891331	-445,89637177	-2,7786725312
111,5	-15,988101665	0,00488401	0,111111	-454,953481437	-2,72335535511
112	-16,510260292	0,00488401	0,0976801	-469,405132975	-2,63951097456
112,5	-16,77107238	0,02442	0,107448	-476,609038014	-2,59961499086
113	-17,293231007	0,00610501	0,0964591	-491,001782593	-2,52341242726
113,5	-17,554043095	0,00488401	0,112332	-498,175592279	-2,48707487722
114	-18,076201722	0,013431	0,113553	-512,506742188	-2,41752917183
114,5	-18,402751283	0,00488401	0,0830281	-521,447653371	-2,37607742981
115	-18,859172437	0,00610501	0,0903541	-533,915995908	-2,32058977348
115,5	-19,185721998	0,023199	0,118437	-542,815809064	-2,28254221655
116	-19,707880625	0,00610501	0,0915751	-557,010012361	-2,22437653275
116,5	-19,968692713	0,00610501	0,102564	-564,082598946	-2,19648683068
117	-20,360445296	0,00610501	0,0830281	-574,683962282	-2,15596759492
117,5	-20,81686645	0,00488401	0,0818071	-587,001427078	-2,11072740686
118	-21,078212989	0,00732601	0,0781441	-594,037680564	-2,0857262772
118,5	-21,600371616	0,02442	0,0769231	-608,05863749	-2,03763243149
119	-21,795980682	0,021978	0,0879121	-613,298174175	-2,02022450445
119,5	-22,383342331	0,014652	0,0952381	-628,987897019	-1,96983122548
120	-22,644154419	0,00610501	0,0732601	-635,933667651	-1,94831640944
120,5	-23,166313046	0,00854701	0,0842491	-649,7996989	-1,90674141908
121	-23,427125134	0,013431	0,0842491	-656,705479693	-1,88669051548
121,5	-24,014486783	0,00610501	0,0683761	-672,207590109	-1,84318061597
122	-24,2106303	0,00854701	0,0940171	-677,368710326	-1,829136748
122,5	-24,797457498	0,00976801	0,0976801	-692,762239708	-1,78849239895
123	-25,058804037	0,00610501	0,0805861	-699,594535005	-1,77102584141
123,5	-25,580962664	0,00488401	0,0854701	-713,201419511	-1,73723714803
124	-25,841774752	0,00610501	0,0744811	-719,975786245	-1,72089120728
124,5	-26,429136401	0,00610501	0,0720391	-735,177149133	-1,68530809406
125	-26,624745467	0,00488401	0,0879121	-740,222588693	-1,67382084649
125,5	-27,212107116	0,015873	0,0781441	-755,32060862	-1,64036302712
126	-27,407716182	0,00854701	0,101343	-760,331161446	-1,62955309847
126,5	-27,995077831	0,00610501	0,0940171	-775,323018998	-1,59804361491
127	-28,25642437	0,00976801	0,0732601	-781,96754612	-1,58446473405
127,5	-28,712845524	0,031746	0,0891331	-793,532589536	-1,56137254643
128	-29,039395085	0,00610501	0,102564	-801,776017966	-1,54531935632
128,5	-29,365410195	0,00488401	0,0879121	-809,979974917	-1,52966744657
129	-29,8223658	0,00732601	0,0952381	-821,434765587	-1,50833645215
129,5	-30,148915361	0,00488401	0,0903541	-829,588619028	-1,49351132788
130	-30,605336515	0,00610501	0,0891331	-840,940117894	-1,47335104324
130,5	-30,866683054	0,00610501	0,0805861	-847,416000523	-1,46209181705
131	-31,388841681	0,00610501	0,0695971	-860,301585025	-1,44019262729
131,5	-31,714856791	0,00610501	0,0854701	-868,310667738	-1,42690864691
132	-32,237015418	0,00610501	0,0805861	-881,079650269	-1,40622927748
132,5	-32,497827506	0,041514	0,0964591	-887,430269007	-1,39616603498
133	-33,019986133	0,00610501	0,0781441	-900,089128937	-1,3765303459
133,5	-33,280798221	0,00854701	0,0940171	-906,384150914	-1,36697006314
134	-33,802956848	0,01221	0,0866911	-918,930524319	-1,3483065011
134,5	-34,129506409	0,021978	0,0744811	-926,738099919	-1,33694729947
135	-34,585927563	0,00854701	0,0818071	-937,600317959	-1,32145859624
135,5	-34,912477124	0,01221	0,0927961	-945,335292394	-1,31064608501
136	-35,434635751	0,00488401	0,0903541	-957,639744609	-1,29380595049
136,5	-35,695447839	0,00610501	0,0891331	-963,755952282	-1,28559517279
137	-36,217606466	0,00488401	0,0866911	-975,940761916	-1,2695442678
137,5	-36,543621576	0,00610501	0,0781441	-983,507434675	-1,2597769537
138	-36,739765093	0,018315	0,0854701	-988,044516496	-1,25399208165
138,5	-37,327126742	0,00732601	0,0769231	-1001,56157141	-1,23706822962
139	-37,522735808	0,035409	0,0952381	-1006,03986313	-1,23156153689
139,5	-38,110097457	0,00610501	0,0659341	-1019,41629753	-1,21540140471
140	-38,305706523	0,00854701	0,0732601	-1023,84734115	-1,21014134647
140,5	-38,893068172	0,037851	0,0854701	-1037,08065711	-1,19469974828
141	-39,15388026	0,00610501	0,0842491	-1042,92191956	-1,18800839906
141,5	-39,741241909	0,00488401	0,0818071	-1055,99741107	-1,17329833105
142	-39,937385426	0,00610501	0,0989011	-1060,33919039	-1,16849401704
142,5	-40,524747075	0,00610501	0,0842491	-1073,26634394	-1,15441987629
143	-40,720356141	0,00488401	0,0842491	-1077,54650506	-1,14983436369
143,5	-41,30771779	0,00488401	0,0818071	-1090,32300699	-1,13636050239
144	-41,503326856	0,00488401	0,0695971	-1094,55259793	-1,13196935656
144,5	-42,090688505	0,030525	0,0879121	-1107,17606235	-1,11906321148
145	-42,351500593	0,00488401	0,0769231	-1112,74416077	-1,11346349294
145,5	-42,87365922	0,021978	0,0879121	-1123,82236285	-1,10248740455
146	-43,135005759	0,010989	0,0757021	-1129,33214142	-1,09710859592
146,5	-43,656629935	0,00488401	0,0683761	-1140,25879997	-1,08659542907
147	-43,917976474	0,010989	0,0891331	-1145,69784338	-1,08143696627
147,5	-44,505338123	0,035409	0,0866911	-1157,8346289	-1,07010100499
148	-44,700947189	0,018315	0,0940171	-1161,8495969	-1,06640308979
148,5	-45,026962299	0,00610501	0,0818071	-1168,5110939	-1,06032369437
149	-45,549120926	0,00732601	0,0732601	-1179,10149861	-1,05080012319
149,5	-45,940873509	0,00488401	0,0683761	-1186,98276313	-1,04382307686
150	-46,332091641	0,00488401	0,0781441	-1194,79789843	-1,0369954631
150,5	-46,789047246	0,00488401	0,0915751	-1203,8556766	-1,02919313675
151	-47,115596807	0,00854701	0,0879121	-1210,28166594	-1,02372863678
151,5	-47,441611917	0,00854701	0,0915751	-1216,65792151	-1,01836348418
152	-47,898567522	0,029304	0,0793651	-1225,5287862	-1,01099216433
152,5	-48,224582632	0,00610501	0,0708181	-1231,81009365	-1,00583686267
153	-48,746741259	0,00732601	0,0989011	-1241,78730719	-0,997755406927
153,5	-49,008087798	0,00610501	0,0927961	-1246,74234326	-0,993789941204
154	-49,529711974	0,00488401	0,0695971	-1256,55449366	-0,98602965988
154,5	-49,791058513	0,00732601	0,0976801	-1261,43151077	-0,982217416815
155	-50,31321714	0,021978	0,0964591	-1271,0968693	-0,974748683539
155,5	-50,574029228	0,00488401	0,0793651	-1275,88511767	-0,971090565164
156	-51,096187855	0,00610501	0,0830281	-1285,39187924	-0,963908376897
156,5	-51,422202965	0,00610501	0,0793651	-1291,27343818	-0,959517917247
157	-51,944361592	0,00488401	0,0830281	-1300,60639314	-0,952632561656
157,5	-52,20517368	0,00488401	0,0744811	-1305,22769028	-0,949259664981
158	-52,727332307	0,013431	0,0757021	-1314,39838365	-0,942636582191
158,5	-52,988678846	0,00732601	0,0915751	-1318,94747811	-0,939385396736
159	-53,510303022	0,00610501	0,0989011	-1327,94492247	-0,933020623849
159,5	-53,771649561	0,00488401	0,0769231	-1332,41152261	-0,929892888925
160	-54,032461649	0,013431	0,0915751	-1336,84135156	-0,926811546149
160,5	-54,619823298	0,040293	0,0903541	-1346,71596837	-0,92001582301
161	-54,815432364	0,00732601	0,0952381	-1349,97314846	-0,917796032765
161,5	-55,402794013	0,00610501	0,0989011	-1359,65887827	-0,911257977869
162	-55,664140552	0,00488401	0,0989011	-1363,92267016	-0,908409272097
162,5	-56,186299179	0,019536	0,0842491	-1372,35645867	-0,902826661522
163	-56,447111267	0,019536	0,0964591	-1376,52639647	-0,900091711411
163,5	-57,034472916	0,010989	0,0952381	-1385,81272266	-0,89406020001
164	-57,230081982	0,00488401	0,0927961	-1388,87306925	-0,89209016103
164,5	-57,752240609	0,00610501	0,0854701	-1396,96297673	-0,886924006318
165	-58,013052697	0,00732601	0,0805861	-1400,96038289	-0,884393316995
165,5	-58,665617368	0,00732601	0,0891331	-1410,83472815	-0,878203502706
166	-58,861760885	0,00488401	0,112332	-1413,76697965	-0,876382047276
166,5	-59,383385061	0,00610501	0,0891331	-1421,48429884	-0,871624119248
167	-59,6447316	0,00732601	0,0683761	-1425,30660286	-0,869286648578
167,5	-60,232093249	0,00610501	0,0866911	-1433,78867933	-0,864144080547
168	-60,427702315	0,015873	0,0989011	-1436,5800633	-0,862464983088
168,5	-61,015063964	0,00610501	0,0830281	-1444,86108754	-0,857521882679
169	-61,275876052	0,01221	0,0891331	-1448,48956397	-0,855373784403
169,5	-61,798034679	0,00488401	0,0842491	-1455,66368136	-0,851158145842
170	-61,993643745	0,019536	0,0708181	-1458,3201251	-0,849607694958
170,5	-62,646208416	0,015873	0,0891331	-1467,05908488	-0,844546762137
171	-62,777148911	0,010989	0,0952381	-1468,78971492	-0,843551658493
171,5	-63,36451056	0,00610501	0,0793651	-1476,45831485	-0,839170322343
172	-63,625322648	0,014652	0,103785	-1479,81378194	-0,837267509686
172,5	-64,212684297	0,00488401	0,0842491	-1487,25806868	-0,833076670482
173	-64,408293363	0,017094	0,0915751	-1489,70258483	-0,831709639638
173,5	-64,995655012	0,029304	0,0622711	-1496,93835322	-0,827689395047
174	-65,2564671	0,00610501	0,0793651	-1500,10093303	-0,825944423282
174,5	-65,778625727	0,010989	0,0952381	-1506,33909843	-0,822523959773
175	-66,039972266	0,00610501	0,0854701	-1509,41442669	-0,820848123675
175,5	-66,561596442	0,00610501	0,0708181	-1515,4585488	-0,817574324935
176	-66,822942981	0,013431	0,0720391	-1518,43960242	-0,815969234486
176,5	-67,345101608	0,021978	0,0757021	-1524,30093603	-0,812831620522
177	-67,605913696	0,015873	0,0769231	-1527,18122365	-0,811298607402
177,5	-67,932463257	0,0549451	0,0744811	-1530,74286459	-0,809410926327
178	-68,454087433	0,00610501	0,0891331	-1536,3289664	-0,806467903096
178,5	-69,041449082	0,00610501	0,0695971	-1542,46661308	-0,803258877365
179	-69,237592599	0,00610501	0,0989011	-1544,48014612	-0,802211671748
179,5	-69,824954248	0,00610501	0,0842491	-1550,40142298	-0,799147873339
180	-70,085766336	0,00610501	0,0891331	-1552,9785064	-0,797821730882
180,5	-70,411781446	0,00732601	0,100122	-1556,15460252	-0,796193384639
181	-70,542721941	0,00732601	0,0854701	-1557,41607183	-0,795548487275
181,5	-70,673127985	0,01221	0,0989011	-1558,66430797	-0,794911382563
182	-70,607924963	0,026862	0,0976801	-1558,04119878	-0,795229292378
182,5	-70,673127985	0,00488401	0,0927961	-1558,66430797	-0,794911382563
183	-70,607924963	0,00732601	0,0769231	-1558,04119878	-0,795229292378
183,5	-70,673127985	0,00610501	0,0891331	-1558,66430797	-0,794911382563
184	-70,607924963	0,00854701	0,0720391	-1558,04119878	-0,795229292378
184,5	-70,673127985	0,00732601	0,0866911	-1558,66430797	-0,794911382563
185	-70,607924963	0,00976801	0,0940171	-1558,04119878	-0,795229292378
185,5	-70,673127985	0,00488401	0,0708181	-1558,66430797	-0,794911382563
186	-70,542721941	0,014652	0,0732601	-1557,41607183	-0,795548487275
186,5	-70,673127985	0,0525031	0,0769231	-1558,66430797	-0,794911382563
187	-70,607924963	0,00610501	0,0842491	-1558,04119878	-0,795229292378
187,5	-70,673127985	0,013431	0,0769231	-1558,66430797	-0,794911382563
188	-70,607924963	0,00732601	0,0830281	-1558,04119878	-0,795229292378
188,5	-70,607924963	0,00732601	0,0781441	-1558,04119878	-0,795229292378
189	-70,607924963	0,032967	0,0976801	-1558,04119878	-0,795229292378
189,5	-70,607924963	0,00488401	0,0940171	-1558,04119878	-0,795229292378
190	-70,607924963	0,00732601	0,0927961	-1558,04119878	-0,795229292378
190,5	-70,673127985	0,00610501	0,0818071	-1558,66430797	-0,794911382563
191	-70,607924963	0,015873	0,0781441	-1558,04119878	-0,795229292378
191,5	-70,607924963	0,00732601	0,0793651	-1558,04119878	-0,795229292378
192	-70,607924963	0,00610501	0,0891331	-1558,04119878	-0,795229292378
